1064
0
0
0
0
0
0
0
1
0
0
5
5
1
1
5
5
3
2
4
7
4
6
8
10
7
7
18
11
15
9
15
12
18
12
24
19
28
22
27
36
14
27
37
30
34
24
36
37
44
22
46
32
69
32
36
70
35
30
53
52
34
53
43
56
34
50
50
42
44
55
57
22
63
49
59
19
33
61
22
45
76
37
43
25
49
36
57
35
61
35
68
46
55
45
37
49
56
52
63
17
66
38
50
28
84
61
61
40
71
69
36
71
83
27
93
20
105
79
55
92
41
98
20
96
48
99
22
99
70
113
29
122
70
81
87
109
44
137
62
61
133
100
91
115
41
150
79
146
105
63
175
50
120
101
93
91
166
80
117
137
135
95
172
44
113
132
131
191
100
188
62
144
148
128
160
187
57
250
126
212
111
216
168
218
69
315
166
157
200
168
141
267
196
67
395
219
186
247
243
183
248
273
196
378
104
247
278
310
135
371
284
311
305
209
439
183
353
339
339
312
385
379
323
401
428
262
579
335
409
468
454
459
309
557
507
509
470
585
449
859
264
568
584
607
615
624
548
662
628
650
636
800
729
707
343
1324
746
899
806
980
887
930
949
1089
1133
872
1177
1084
1121
1165
1069
733
1806
1182
1307
1381
1409
1427
1457
1527
1519
1665
1606
1786
1724
1867
1721
2071
2109
1889
2006
2531
2079
2287
2386
2594
2654
2589
2646
2655
2773
2658
2836
2796
2921
2870
3071
2811
2961
2959
2929
3049
2745
2129
3541
2765
2649
2600
2475
2625
2402
2317
2306
2146
2210
2027
2044
1797
1791
1807
1399
1675
1614
1466
1495
1374
1503
1421
1241
922
1885
988
1189
1203
1156
1140
1076
1101
1008
834
1079
972
1066
902
709
1200
873
839
845
881
845
928
597
1001
714
758
747
733
888
630
349
1409
494
693
618
748
626
748
566
560
808
656
403
797
693
624
648
672
412
927
618
689
671
634
590
663
677
691
622
707
764
804
776
702
821
748
729
571
1616
554
842
922
1027
1060
1004
1060
1119
1073
1106
1295
1383
1387
1465
1262
1558
1352
1564
1547
1617
1388
1978
1728
1750
1843
1707
1786
1783
1986
1669
1940
1924
2051
1819
1945
1980
1983
1892
2129
2080
2118
2036
1921
1910
1556
2922
1831
1955
2034
2097
1981
2040
2007
1991
2015
1956
2085
1891
2020
1970
2044
1913
2015
1930
2021
1867
1952
1908
1889
1782
1891
2138
1488
1765
1769
1896
1708
1752
1656
1737
1696
1834
1593
1652
1576
1602
1612
1576
1525
1568
1519
1435
1362
1493
1581
1387
1412
1400
1428
1235
1126
596
2467
1114
1237
1301
1319
1252
1213
1135
1187
1126
1128
1091
1038
1166
1064
1020
1108
968
1152
929
976
814
1037
890
870
947
948
745
1001
743
860
802
864
548
1090
731
814
711
742
729
687
732
694
679
711
697
738
562
665
663
646
675
750
472
566
581
656
495
590
526
541
511
579
388
575
497
465
588
494
460
417
313
88
1250
229
357
410
401
492
423
462
449
404
393
423
402
387
342
369
343
338
344
330
344
403
234
410
252
369
308
333
250
406
250
283
284
251
298
266
258
246
265
279
255
279
243
219
64
464
201
208
308
182
217
195
236
205
141
283
239
200
170
214
181
265
91
204
159
201
193
197
155
128
214
194
161
141
181
178
166
140
149
179
153
159
140
146
136
164
137
151
126
180
139
157
149
134
87
57
19
558
11
34
83
107
127
118
145
110
109
92
105
120
99
90
110
101
104
103
84
113
96
103
87
117
108
103
70
80
56
139
69
60
96
101
74
85
72
106
63
152
25
81
78
86
61
77
82
52
77
69
55
57
75
79
55
73
60
66
56
63
21
158
16
39
59
69
62
54
37
60
73
62
66
52
56
53
35
41
39
63
44
48
67
29
10
79
23
44
38
49
41
41
31
46
42
39
13
63
42
39
44
32
32
45
66
18
33
30
28
42
22
33
32
39
39
20
32
38
27
33
41
31
26
35
24
30
28
26
35
38
37
23
14
6
7
9
131
10
14
10
12
28
23
29
34
38
20
14
26
25
25
24
25
16
23
23
14
23
29
20
23
15
28
10
17
15
26
12
29
11
21
20
19
15
24
13
15
25
15
22
18
24
22
18
17
21
17
17
12
24
19
15
17
3
39
7
12
24
13
12
10
20
21
14
22
13
10
23
15
19
9
19
9
26
14
13
23
14
19
16
12
18
25
13
9
10
8
29
10
13
11
10
15
15
18
9
9
19
20
14
19
14
8
14
10
12
14
21
5
7
11
11
8
12
11
10
7
14
9
12
13
6
27
3
10
13
12
17
12
11
13
7
11
12
10
15
7
11
12
11
10
8
8
11
9
17
13
17
8
11
14
7
13
7
11
16
12
10
14
11
18
15
5
9
8
14
10
12
7
12
11
9
10
11
16
7
8
8
3
10
16
6
6
6
8
12
14
12
13
14
8
9
7
10
8
12
8
14
10
9
4
28
9
9
7
4
13
10
10
6
13
11
12
6
18
10
14
12
11
11
11
5
10
7
8
7
11
15
7
5
6
11
8
8
7
14
14
6
8
6
7
9
6
6
8
10
7
5
10
12
2
8
8
4
15
5
16
9
5
5
3
5
8
7
4
6
4
8
7
13
6
6
8
9
7
11
7
5
3
17
7
6
9
7
7
6
5
9
5
4
9
4
4
5
14
8
6
12
15
6
10
4
9
12
9
10
8
6
9
7
7
7
10
9
7
3
6
5
7
10
8
12
6
14
9
12
13
6
1
12
4
8
11
6
11
10
9
4
4
4
5
10
4
8
9
5
3
17
4
12
8
7
7
12
3
9
2
4
11
6
6
9
4
8
9
5
5
9
3
6
7
3
5
4
3
5
4
10
5
6
9
8
7
10
6
11
9
3
3
10
8
12
4
7
5
3
6
4
7
13
4
9
7
9
5
8
4
8
6
5
6
5
7
9
1
9
5
5
7
4
6
2
4
5
7
8
7
10
8
8
8
8
13
5
7
7
7
7
6
7
6
9
7
4
3
6
9
4
6
8
12
6
10
5
9
3
6
7
3
6
6
5
8
5
5
7
6
6
7
7
6
4
5
7
9
4
8
9
5
6
4
8
1
9
11
4
6
6
4
3
3
2
8
4
1
6
7
6
7
5
5
6
8
5
4
7
7
9
4
7
8
3
10
8
7
7
15
2
5
6
4
6
6
3
7
5
5
5
7
7
3
8
5
7
5
5
4
5
3
4
5
1
26
3
5
4
5
5
6
5
10
5
5
8
5
3
5
7
1
8
7
9
6
5
10
5
7
7
5
7
5
2
4
8
6
9
7
5
8
6
9
2
5
5
2
5
7
4
4
8
7
12
5
8
8
3
9
5
6
3
7
7
4
8
7
8
4
7
6
5
6
5
4
2
7
2
5
14
6
5
3
4
6
3
8
3
4
5
5
4
6
6
8
9
7
6
8
8
3
3
5
9
4
5
10
8
6
5
8
4
7
2
4
5
6
3
2
8
3
1
5
13
9
4
9
2
4
6
4
3
7
4
2
3
6
4
3
4
5
5
4
5
5
1
6
5
7
8
6
6
7
6
5
6
4
3
5
3
9
5
3
7
4
4
7
3
2
6
11
4
3
6
1
16
4
6
7
3
6
4
11
5
1
5
6
2
4
6
3
3
12
7
5
2
5
6
2
5
5
5
9
6
8
10
10
10
6
4
6
8
9
0
7
3
4
2
0
7
3
8
7
2
7
6
6
1
7
6
4
6
5
9
4
2
6
7
1
7
10
4
2
5
2
7
3
1
4
2
4
5
1
10
6
6
4
5
4
1
4
6
7
6
6
2
3
4
4
7
4
3
4
6
7
5
2
6
6
5
8
7
3
4
5
8
8
4
7
4
3
4
7
8
8
4
5
4
0
2
8
7
8
9
5
2
3
5
8
3
7
7
4
4
7
5
7
9
5
4
5
4
4
7
3
11
1
5
4
4
9
7
5
5
4
3
3
10
10
4
9
2
3
3
4
6
4
7
6
8
5
1
5
5
4
8
3
7
5
4
6
5
5
9
4
3
4
6
4
2
5
4
7
6
4
6
2
3
8
6
10
9
5
5
5
8
3
6
5
3
6
6
5
1
2
3
3
6
4
4
6
4
9
2
5
11
4
5
1
3
2
5
4
5
4
5
4
5
6
3
3
4
7
5
7
3
6
10
3
2
3
5
1
4
4
2
8
3
7
5
4
7
7
5
7
3
3
4
3
3
4
7
7
4
1
1
7
6
6
3
7
5
5
5
4
13
7
7
9
5
3
2
10
3
5
6
5
8
9
1
4
2
12
7
6
5
6
2
3
4
5
3
2
3
3
6
5
2
5
4
4
2
2
5
9
8
8
3
8
3
2
5
9
7
2
4
8
4
5
5
4
3
3
7
3
3
0
8
2
7
6
5
1
8
7
6
3
10
8
8
0
6
3
3
6
6
3
3
6
9
9
2
4
3
5
5
3
4
3
6
2
7
11
6
4
1
9
4
8
2
5
3
3
4
9
8
6
7
7
8
10
7
6
4
2
7
7
4
5
1
8
6
7
5
2
3
6
6
4
7
6
3
4
3
4
3
5
4
2
3
3
3
7
4
6
8
9
4
2
5
13
7
3
5
4
9
2
6
1
11
8
7
8
5
7
4
9
9
7
7
6
3
4
4
4
5
5
7
9
11
8
9
3
9
9
8
7
6
11
3
11
7
5
5
9
2
7
6
5
5
5
5
6
4
6
9
7
7
8
4
5
2
4
3
2
2
0
50
2
2
1
5
4
2
4
8
6
11
8
3
7
9
10
6
7
3
9
6
5
3
12
10
5
8
6
9
9
4
10
7
9
7
6
7
6
8
9
9
8
3
6
6
7
10
9
5
10
6
11
7
6
8
5
4
4
13
10
7
7
6
13
5
8
7
5
6
8
6
8
5
5
9
8
1
5
15
7
10
11
7
15
6
9
12
5
11
2
12
6
7
9
5
9
5
10
6
10
3
5
9
8
6
7
10
7
7
6
12
9
8
5
7
5
5
5
6
5
7
7
4
13
5
8
8
8
16
10
3
5
9
6
10
8
11
7
8
11
7
8
13
9
5
6
7
7
8
9
9
10
6
13
5
12
1
11
6
12
8
4
8
7
6
4
6
8
5
8
11
2
8
1
4
6
8
4
9
9
8
7
12
10
8
4
12
8
1
6
9
7
7
6
4
3
7
5
7
3
6
3
4
6
5
4
5
5
6
4
4
5
2
3
10
3
3
7
7
7
6
9
6
4
6
4
2
10
3
6
9
5
4
1
6
3
3
6
7
5
8
2
4
2
11
8
6
10
6
5
10
4
3
2
8
5
5
8
4
5
5
4
3
4
9
8
4
5
8
5
4
5
1
6
3
6
6
5
3
7
4
5
4
3
7
5
5
4
5
4
2
7
8
3
3
4
6
3
2
2
3
5
2
2
3
5
3
8
7
4
7
3
9
5
2
3
5
3
7
5
4
2
7
5
6
5
3
2
4
3
3
3
3
4
7
6
4
3
4
6
3
3
1
7
3
3
3
2
5
3
6
5
4
5
2
1
6
2
2
6
1
3
2
7
5
3
4
5
12
3
9
6
4
9
5
2
4
5
2
2
4
2
1
2
4
9
9
4
4
3
2
10
4
5
6
5
1
3
4
3
6
1
4
2
4
8
2
0
0
11
1
5
3
2
1
2
4
5
2
4
3
6
4
9
4
3
4
2
5
0
9
5
3
2
8
4
6
2
7
2
5
2
4
4
10
3
5
5
8
4
0
5
5
6
1
2
1
5
5
5
4
2
6
1
5
3
5
5
2
5
2
3
6
6
8
3
3
2
6
4
6
2
4
5
2
4
3
9
2
3
4
3
3
6
6
5
4
6
6
5
7
5
2
3
7
5
6
2
7
4
2
4
2
1
2
2
2
3
5
4
4
6
6
3
3
2
3
5
4
4
4
4
1
5
4
5
3
6
7
5
4
5
5
1
4
2
4
2
6
3
6
5
3
8
3
4
3
6
5
5
9
2
4
3
7
6
6
3
2
1
2
5
6
9
3
4
3
7
3
5
3
2
1
3
3
7
2
4
7
4
3
5
2
4
2
1
7
6
3
2
3
5
3
5
5
4
7
4
3
2
2
0
10
7
11
9
6
9
6
3
4
3
7
4
4
5
3
4
2
2
4
6
4
7
3
2
6
6
5
2
7
3
3
4
1
4
4
5
6
5
4
2
4
3
5
2
4
4
2
3
7
9
3
7
4
5
2
5
5
6
2
6
1
4
0
1
3
6
4
4
1
4
5
0
3
5
6
2
4
6
0
3
4
5
4
3
4
6
3
3
4
1
4
2
3
3
3
6
5
7
6
1
3
5
8
4
4
10
3
4
2
7
4
5
4
3
5
5
3
4
2
1
1
5
5
2
5
2
2
5
5
1
6
4
4
2
3
5
4
9
5
10
3
6
3
7
2
3
4
6
3
2
2
7
1
5
4
3
3
5
6
2
3
2
7
4
8
1
2
4
4
3
4
2
7
5
5
7
6
3
5
3
5
4
4
3
5
2
5
4
3
6
2
7
2
2
4
0
2
4
8
2
1
1
3
7
2
1
3
5
4
6
2
5
7
2
5
3
4
6
5
4
4
2
5
3
3
1
3
7
5
6
3
3
9
1
4
6
6
6
9
3
6
2
3
7
3
2
2
2
1
5
1
5
3
4
6
6
0
3
4
2
2
5
3
4
3
6
6
4
3
2
3
7
7
3
6
3
8
7
6
4
2
2
2
6
5
3
5
4
5
5
3
1
3
5
0
5
6
6
6
2
7
7
5
8
5
5
6
6
3
4
8
3
3
3
6
1
6
6
6
4
6
1
7
6
7
8
5
10
6
6
6
4
3
4
4
2
2
2
5
6
4
3
7
4
6
1
9
5
8
2
3
4
6
2
6
3
1
4
5
3
3
2
2
4
8
1
3
4
5
4
4
5
6
2
2
3
6
4
4
2
9
5
6
8
4
5
4
7
4
2
5
7
8
4
3
2
4
4
1
7
2
4
5
10
7
2
5
5
5
4
3
1
5
9
9
3
8
8
3
3
5
4
3
7
4
3
1
5
3
6
7
5
3
2
5
5
4
1
6
5
6
7
3
8
4
2
3
3
4
3
5
3
9
5
6
5
2
1
7
4
3
1
3
5
4
6
9
6
3
5
2
3
7
4
3
3
1
2
4
3
4
4
4
7
7
5
3
8
5
4
1
7
2
2
5
4
9
2
7
3
2
5
5
6
7
4
2
4
2
3
3
8
6
7
10
2
2
5
6
2
4
4
6
3
3
4
0
5
4
4
3
6
6
9
7
2
1
1
0
3
4
5
7
2
4
5
3
3
1
3
4
2
7
4
6
3
1
5
3
4
3
0
2
3
2
4
5
2
5
3
1
3
4
6
4
6
3
2
4
1
5
4
6
5
9
3
3
10
4
11
2
4
5
2
2
6
5
4
3
6
8
3
4
5
4
7
1
6
3
4
7
3
8
7
1
4
6
2
3
4
6
5
6
4
8
4
4
6
6
3
1
4
2
4
7
3
3
6
4
4
1
6
3
9
3
4
9
5
3
3
4
3
6
1
2
3
3
4
2
8
3
3
5
3
5
3
3
4
2
3
4
1
7
4
2
5
7
5
2
4
2
6
1
3
3
4
3
3
7
3
3
6
3
3
3
2
3
3
4
1
8
6
5
1
1
4
5
4
3
8
1
1
5
5
3
3
3
4
1
2
5
4
4
7
3
3
5
4
6
2
5
2
4
2
2
3
6
2
7
2
2
5
4
3
2
6
5
2
4
4
5
6
5
5
3
4
4
2
7
5
8
6
3
2
3
5
5
3
5
3
7
5
4
3
10
4
4
3
7
3
2
4
2
3
2
4
4
3
2
4
2
6
5
3
4
2
3
5
9
5
6
3
7
6
7
2
5
5
10
4
3
4
3
8
4
4
5
7
2
3
4
6
6
3
4
5
6
5
5
1
8
7
5
4
2
7
4
2
5
3
5
1
4
8
6
3
5
4
5
4
2
5
3
5
1
7
6
1
4
7
3
4
8
6
3
6
4
5
4
2
4
5
4
7
6
8
3
3
4
2
3
4
2
3
2
1
4
4
4
5
6
3
5
6
5
3
4
6
6
6
5
2
3
5
2
4
4
2
7
3
2
9
3
5
7
6
2
3
5
1
4
4
9
5
5
6
5
2
8
4
7
5
7
4
4
6
8
7
4
7
7
7
2
3
6
5
5
3
6
4
4
6
3
3
5
5
9
2
4
3
4
7
6
4
5
3
7
2
4
3
4
4
5
7
5
2
3
8
3
5
7
6
12
2
1
2
5
7
4
4
7
4
4
3
3
7
5
2
6
8
7
0
6
2
3
7
5
2
2
2
1
5
5
3
5
7
2
2
4
5
5
5
5
5
2
4
5
3
1
4
5
3
3
9
2
6
4
6
5
4
3
7
5
6
4
5
7
3
2
1
8
6
6
6
6
6
5
5
5
4
7
3
4
1
4
1
9
8
1
3
7
7
8
5
2
10
4
2
4
9
5
2
4
8
6
2
4
3
4
4
6
6
3
8
4
6
5
8
4
3
4
3
6
9
7
2
3
4
3
7
7
8
6
5
5
9
3
8
7
8
4
5
2
6
5
0
6
4
3
6
2
2
0
5
2
6
4
8
2
6
4
1
5
1
1
4
2
2
8
4
4
2
5
5
5
6
2
2
3
0
7
4
4
4
11
6
4
3
6
3
7
4
2
6
5
8
1
8
4
5
3
7
3
7
5
3
4
7
5
5
4
6
1
4
4
5
8
4
7
5
9
3
2
2
4
2
3
5
8
8
3
2
0
8
7
3
2
10
3
6
6
5
5
3
1
8
6
3
7
5
5
5
6
3
2
5
5
4
6
5
4
4
3
8
7
1
5
1
3
7
4
5
4
2
6
3
3
5
7
4
4
3
5
3
6
5
4
3
3
7
2
6
4
6
4
3
4
7
0
5
5
1
10
7
3
7
5
2
6
4
3
5
7
6
2
4
4
4
4
4
4
3
6
5
4
4
3
7
4
6
3
3
4
3
1
2
2
7
3
1
1
1
1
2
4
6
0
4
1
6
3
3
6
0
3
2
5
3
4
2
4
1
3
1
3
5
1
2
2
0
2
4
1
5
1
3
2
2
4
0
2
0
2
1
2
4
4
3
2
0
2
0
0
0
2
0
0
1
1
1
1
0
0
1
0
0
0
0
0
0
1
0
0
1
0
0
0
0
0
0
0
0
0
0
0
0
0
0
0
0
0
0
0
0
0
0
0
0
0
0
0
0
0
0
0
0
0
0
0
0
0
0
0
0
0
0
