5614
0
0
0
0
0
0
0
0
0
0
3
1
9
11
34
46
44
61
39
50
81
82
103
70
76
87
81
83
102
98
93
116
117
102
142
139
116
90
141
155
119
94
122
111
140
115
143
126
133
88
155
115
160
134
124
182
131
134
128
124
145
134
139
143
159
149
153
128
162
162
189
74
191
173
181
109
181
199
97
188
222
73
211
120
205
92
217
102
211
88
232
118
224
126
221
124
220
113
233
73
125
199
150
70
274
136
233
101
139
211
89
165
212
87
144
50
219
168
135
221
115
173
84
241
93
178
72
203
125
197
74
235
113
135
144
191
87
199
96
91
232
153
188
157
100
233
108
249
113
119
239
76
171
202
125
130
242
85
146
190
148
121
271
63
113
190
219
152
108
266
94
108
161
173
152
167
37
354
124
190
96
303
140
172
47
327
119
94
201
198
100
178
157
40
351
128
138
185
244
118
159
177
134
369
46
127
152
190
78
237
212
154
190
81
374
61
160
172
199
138
216
146
156
150
186
83
365
62
136
171
219
134
91
234
163
221
160
182
106
390
20
143
124
146
191
137
105
207
167
212
84
222
132
147
9
425
103
175
135
175
248
143
115
199
179
67
262
159
143
161
127
12
440
90
143
166
202
104
231
147
145
215
106
184
206
113
168
153
188
123
36
441
37
119
108
210
191
120
200
109
186
101
232
89
173
107
237
102
214
140
169
140
88
5
485
78
131
130
121
190
181
131
192
112
210
114
246
78
142
219
71
200
153
181
181
128
138
121
91
10
535
26
118
137
119
120
170
206
132
91
186
110
213
99
54
318
125
122
165
135
167
161
74
236
146
163
133
132
131
72
4
556
21
91
107
129
104
162
169
88
216
147
52
210
129
173
132
141
39
314
95
134
199
80
72
186
92
138
170
101
183
176
121
117
133
90
73
10
613
6
50
84
130
126
134
175
198
89
52
189
129
106
184
47
161
184
139
86
92
25
292
83
99
157
173
120
80
215
36
103
166
152
54
100
175
164
44
215
86
142
70
62
32
1
608
11
60
79
106
108
120
126
164
87
142
97
56
166
77
166
82
209
56
131
61
170
153
92
89
59
279
4
60
94
174
62
139
76
129
57
209
50
109
104
91
144
80
111
139
85
175
52
157
171
72
73
76
75
43
9
0
644
5
43
69
101
88
78
84
118
135
181
75
35
161
109
72
144
41
189
75
55
29
213
64
69
151
155
34
188
38
148
58
73
2
313
38
91
54
113
113
70
118
68
123
74
43
199
37
80
77
148
81
147
16
64
118
138
30
75
118
49
125
119
17
159
60
77
83
58
42
19
0
0
571
1
7
41
61
66
63
110
81
98
138
47
142
59
104
86
42
121
56
95
75
167
15
96
28
127
71
82
19
206
24
49
67
117
74
116
32
75
129
118
83
70
55
21
1
297
11
44
87
61
96
33
128
61
17
123
73
98
71
79
30
222
3
51
53
113
113
85
41
13
176
54
56
112
63
114
42
60
40
74
53
113
48
120
36
109
82
63
63
100
62
51
48
19
9
1
1
669
0
0
5
18
32
34
81
61
53
58
70
93
93
45
135
43
107
55
27
95
35
102
12
138
75
117
54
38
15
162
32
36
82
89
33
87
58
49
13
199
3
30
71
55
27
78
78
11
124
42
71
19
81
45
95
82
61
62
28
17
1
281
0
9
38
39
79
90
14
107
47
72
33
78
24
115
13
71
18
96
68
40
42
9
0
178
11
21
93
109
21
71
14
91
31
35
2
159
24
19
65
90
46
30
143
8
39
84
24
67
9
81
32
79
51
10
77
34
69
29
88
61
62
54
55
41
51
35
27
22
12
6
4
2
0
1
523
0
1
1
7
12
16
28
45
49
31
50
43
67
79
87
91
16
69
39
9
68
43
11
68
19
91
16
92
15
31
82
52
5
129
7
53
12
60
85
30
24
0
131
5
28
50
62
28
70
12
37
59
68
27
30
16
2
202
1
11
33
24
58
68
20
42
17
90
34
3
92
11
47
85
18
2
57
57
10
40
14
64
59
58
49
22
21
6
2
0
232
1
3
8
20
44
33
57
69
57
18
46
8
39
66
4
22
60
37
5
82
1
16
23
68
6
49
25
56
7
72
23
20
3
0
158
2
8
17
49
57
8
50
31
16
69
1
32
60
6
72
17
1
122
0
4
16
31
81
3
47
73
18
12
5
83
5
19
48
41
43
13
1
87
6
27
68
9
65
6
70
13
50
2
57
9
32
25
4
37
18
52
16
58
51
2
54
48
36
49
26
26
23
19
12
11
7
4
3
1
1
0
0
0
441
0
1
2
4
2
2
6
10
14
16
32
47
22
27
32
45
52
47
9
59
38
18
41
20
2
26
33
6
35
4
38
3
52
10
36
12
54
1
23
40
1
33
8
68
5
14
48
30
8
38
23
1
64
0
8
23
61
16
4
51
20
42
4
44
12
6
0
105
1
7
11
18
42
25
5
32
7
55
0
12
49
0
32
11
28
34
25
13
14
2
3
0
121
2
4
5
16
26
28
42
7
18
30
6
54
3
24
33
6
31
18
1
57
1
3
12
32
4
28
22
9
57
1
15
35
14
1
39
24
2
10
13
28
0
35
34
29
21
24
12
6
0
4
0
1
150
4
0
3
0
4
11
26
14
29
30
29
8
27
12
21
4
34
2
28
12
41
11
6
38
3
13
29
6
4
33
19
7
1
45
0
2
15
24
2
22
20
6
43
3
6
31
14
7
13
26
31
30
14
13
3
3
2
93
0
2
1
4
14
19
32
26
0
14
20
4
38
10
30
13
4
37
0
12
34
7
14
12
17
2
28
25
5
3
1
58
1
2
5
21
4
31
9
2
16
1
29
4
19
19
20
8
13
0
3
49
2
6
31
1
29
1
24
8
28
14
6
1
33
1
2
10
29
8
4
19
8
2
30
3
16
2
10
13
6
28
1
11
21
9
5
37
4
15
28
2
28
1
34
4
25
14
5
11
12
1
11
9
16
7
6
7
9
7
20
20
33
21
0
36
16
13
17
15
12
7
8
3
3
5
1
0
3
2
3
4
2
1
0
0
198
0
1
1
4
1
4
4
0
2
5
0
6
4
5
5
13
12
14
13
18
17
30
17
23
2
22
7
5
12
10
7
12
9
9
3
14
12
3
11
3
13
1
18
3
19
3
27
3
19
9
3
25
1
14
1
10
11
2
22
0
4
18
15
0
21
7
4
20
3
2
15
25
5
11
4
8
16
6
3
33
4
3
7
19
6
7
5
18
4
11
7
15
5
6
2
1
40
1
0
5
8
18
13
6
7
1
14
1
13
2
4
15
4
14
4
8
4
12
17
4
5
0
3
37
2
3
5
4
16
21
13
5
6
11
2
11
1
5
10
13
0
5
2
14
0
11
20
12
8
3
3
20
9
8
4
13
6
2
4
13
2
20
10
11
9
4
3
3
1
1
36
4
2
2
7
4
10
11
13
11
4
7
5
6
4
15
3
8
3
3
9
10
5
0
14
6
11
13
7
1
12
5
5
3
8
9
1
3
0
18
1
3
2
14
13
1
2
8
2
17
6
5
5
15
6
1
19
1
4
7
7
6
10
1
14
3
14
2
1
4
8
11
2
8
6
7
2
8
1
10
3
3
6
6
5
7
11
4
8
10
10
13
5
6
3
4
1
3
2
5
3
1
49
0
1
4
6
2
4
8
6
6
3
10
6
5
10
4
11
7
3
3
3
6
5
4
11
2
16
5
11
1
6
4
10
3
2
9
5
10
2
4
8
4
6
4
7
8
1
3
15
2
2
9
4
8
4
8
5
6
5
5
7
8
10
10
5
3
4
2
29
1
4
6
6
6
8
6
2
7
3
11
2
5
8
5
7
6
11
4
3
0
6
6
6
3
11
2
6
8
3
0
7
4
3
5
4
4
6
7
9
5
7
5
1
4
6
4
0
26
3
5
8
9
7
7
5
6
8
5
3
6
6
7
4
5
13
3
12
3
6
2
10
3
10
1
6
7
4
8
3
5
7
6
3
2
17
4
4
4
14
4
7
6
7
4
5
9
2
13
2
7
4
8
3
2
4
11
2
4
3
4
6
1
24
4
3
3
5
1
11
11
6
4
4
5
7
4
8
3
4
7
4
7
3
2
2
8
2
9
11
6
10
9
3
7
7
7
8
6
7
6
1
5
7
18
1
5
6
11
4
3
2
4
3
5
12
2
2
4
6
4
6
10
9
9
4
6
9
5
4
9
5
4
6
7
8
7
10
10
5
3
8
9
3
3
5
11
10
6
9
5
4
6
7
10
5
6
6
12
4
5
3
6
5
8
6
4
9
7
12
9
5
4
10
2
5
8
9
1
3
9
5
7
12
4
7
6
5
4
7
7
9
6
8
6
7
10
5
6
6
9
10
4
4
6
13
7
3
4
6
9
14
7
7
5
10
9
6
10
6
9
4
3
6
10
4
5
12
10
6
10
7
5
5
7
3
9
7
8
8
8
7
7
6
5
8
8
11
6
10
10
7
7
9
10
5
11
12
5
4
5
13
11
6
3
10
12
14
13
9
12
11
9
10
3
7
10
7
6
5
2
9
7
13
8
10
6
6
3
2
0
51
2
6
5
2
4
5
9
4
12
6
10
2
11
12
9
7
9
11
5
14
6
10
8
9
7
17
14
10
12
13
7
7
9
7
9
6
7
8
8
8
8
8
8
10
15
8
7
12
9
13
12
10
9
9
4
7
9
5
11
5
11
14
3
16
8
8
10
7
8
9
10
11
7
5
8
12
18
3
9
15
16
9
7
8
7
13
8
8
15
8
17
5
10
7
13
10
15
15
12
4
16
16
10
17
10
10
10
9
11
8
8
18
10
9
8
4
7
12
13
13
6
10
5
14
9
14
10
12
11
9
17
15
7
19
9
22
9
6
16
14
10
13
14
16
6
17
16
13
14
9
7
20
8
17
15
14
23
17
10
17
13
15
13
13
14
16
10
14
11
11
14
13
19
12
20
16
14
9
19
15
19
8
9
13
14
20
7
12
11
16
15
13
6
12
16
9
11
17
15
23
20
14
17
18
16
15
19
11
15
14
14
20
12
18
15
13
17
13
14
22
18
10
14
17
20
18
19
14
17
13
14
18
12
21
23
13
14
17
16
15
12
20
30
22
18
13
14
22
15
12
27
20
18
24
18
35
23
17
29
17
23
23
7
20
18
20
15
19
18
23
25
22
16
27
22
23
17
20
28
17
24
21
33
36
22
20
27
19
19
29
32
25
13
21
21
30
18
25
23
22
17
26
20
29
28
30
25
32
25
29
24
23
29
23
35
34
19
18
31
25
35
38
33
34
28
32
23
34
23
25
26
29
41
35
32
42
41
33
38
34
37
42
41
31
47
38
35
35
26
28
41
42
37
43
42
36
34
43
33
44
35
45
41
30
42
34
32
50
43
29
54
46
48
45
43
56
45
39
51
47
42
44
57
50
44
43
40
51
42
49
34
49
50
63
50
51
55
57
59
46
54
55
56
46
51
53
50
65
64
44
53
55
40
51
48
59
56
69
53
57
68
52
70
61
67
67
53
65
56
64
50
70
74
65
75
68
61
70
80
72
66
87
70
75
73
68
69
78
96
96
70
84
83
75
75
80
75
103
79
89
98
82
88
94
103
97
93
94
87
95
99
98
100
95
104
104
86
95
95
107
97
98
106
100
115
119
105
109
122
112
96
101
117
113
113
110
128
120
109
140
114
116
163
142
122
123
117
118
136
117
91
158
140
139
144
128
148
141
131
149
137
142
149
165
156
134
149
163
165
181
151
184
160
159
169
176
167
203
158
174
164
165
198
175
178
213
167
191
186
172
209
188
176
180
201
196
191
187
213
214
212
213
190
220
215
228
213
228
224
209
226
223
231
243
242
230
235
239
234
261
247
230
255
264
282
219
252
260
268
276
259
278
276
288
317
287
280
299
297
311
290
292
323
305
311
326
304
321
347
331
292
338
325
348
335
317
344
374
326
345
381
369
370
379
381
363
376
370
388
365
424
426
381
405
345
420
391
396
383
424
431
408
425
439
424
458
460
471
481
495
480
497
475
518
481
517
518
477
531
537
523
568
533
530
544
560
516
584
612
595
547
604
565
582
620
588
583
616
602
619
641
758
578
614
636
735
712
713
707
716
725
711
694
732
755
712
784
756
834
745
832
800
760
819
830
833
843
940
886
907
876
947
955
912
926
951
946
977
956
1026
959
1070
1028
1031
1006
998
1091
1037
1082
1086
1060
1059
1088
1079
1121
1135
1116
1199
1127
1140
1154
1202
1172
1200
1172
1225
1175
1198
1226
1246
1264
1265
1315
1294
1283
1281
1236
1241
1349
1238
1328
1282
1281
1355
1311
1326
1176
1345
1308
1295
1237
1281
1325
1312
1312
1267
1276
1333
1343
1335
1264
1298
1299
1297
1241
1285
1222
1189
1243
1213
1226
1200
1242
1190
1231
1249
1219
1161
1186
1166
1131
1102
1147
1131
1072
1100
1087
1070
1021
1100
1069
1084
1039
1040
1012
966
1016
1073
980
926
973
939
944
927
904
927
927
908
869
856
814
835
844
806
826
870
853
829
833
753
792
787
775
745
771
800
713
757
735
739
764
751
738
739
676
716
702
687
692
653
641
649
615
642
676
638
639
670
597
582
649
558
593
618
589
576
556
589
590
576
504
562
572
551
581
524
522
502
495
554
475
528
461
496
460
518
495
487
480
471
448
464
423
447
444
429
409
415
447
402
417
422
431
387
381
400
379
356
380
380
366
396
356
340
388
378
313
370
359
363
321
349
297
324
312
302
314
299
328
292
309
281
289
306
286
303
320
286
285
271
290
275
275
271
251
238
277
275
248
241
249
237
223
225
226
243
230
217
276
224
225
250
250
229
201
184
203
199
199
222
200
180
173
190
190
208
155
179
190
167
202
194
166
202
189
179
173
158
176
174
169
157
147
174
163
148
174
143
145
175
178
153
164
174
144
146
150
157
163
150
154
158
90
203
158
157
137
130
153
145
134
142
127
121
122
132
136
140
136
124
123
122
151
138
143
138
128
120
130
111
140
139
118
123
130
142
112
129
130
122
134
136
122
142
110
126
145
125
141
132
132
127
105
155
114
118
122
118
143
124
135
136
127
114
119
125
125
138
124
144
139
155
124
139
136
141
143
122
151
134
142
134
128
119
138
140
152
148
135
139
123
140
165
136
152
148
139
150
146
153
149
161
138
159
177
139
160
165
142
145
151
148
163
150
173
163
172
176
151
183
208
175
155
163
168
183
170
163
159
157
182
178
175
184
183
200
196
189
207
193
199
197
199
180
206
201
198
205
210
204
228
223
198
228
233
222
238
226
230
224
253
250
226
233
212
257
249
204
255
254
280
267
239
240
271
282
239
269
259
273
253
294
270
276
308
277
254
284
331
286
278
304
287
317
330
295
302
292
305
281
309
296
300
309
324
315
345
326
300
321
301
295
301
309
340
326
326
314
312
292
314
293
295
321
321
314
279
307
324
305
290
266
250
294
284
277
294
240
286
279
245
259
261
248
249
230
222
224
227
207
202
237
198
204
200
166
183
178
154
192
161
188
173
167
163
160
154
147
136
110
128
121
112
142
106
121
116
115
114
117
110
98
115
81
91
96
81
101
83
92
88
98
74
91
68
72
63
68
67
59
62
61
58
61
56
53
62
52
56
64
70
49
38
61
54
41
45
44
51
49
53
42
45
36
33
43
37
48
35
24
35
39
36
31
36
28
32
26
34
32
29
35
33
27
23
18
27
31
26
22
22
20
28
16
27
24
26
20
18
11
14
20
21
8
21
23
21
17
20
14
20
19
13
12
13
15
13
9
18
16
13
11
16
9
12
7
4
14
11
13
9
6
8
6
12
4
7
13
14
16
4
12
8
13
6
7
9
6
11
8
6
6
6
4
7
6
2
6
5
8
6
3
6
4
4
4
7
5
4
3
5
1
3
5
3
3
5
3
4
5
2
6
4
2
6
4
1
2
1
4
2
1
3
3
5
3
2
5
0
2
3
0
2
1
0
1
2
3
1
0
0
1
1
1
0
1
0
0
1
1
2
1
1
1
1
0
2
1
1
1
1
2
3
0
0
2
1
2
0
0
0
3
1
1
4
1
3
0
1
2
1
0
3
1
0
2
2
0
0
1
1
0
1
1
0
2
0
2
0
1
1
0
1
1
0
3
0
1
0
2
0
0
0
0
1
0
1
0
0
0
0
0
0
2
1
0
0
1
0
0
0
0
0
1
0
0
1
0
0
0
0
1
0
0
0
1
0
1
0
0
1
1
0
0
0
1
2
0
2
2
0
0
0
0
0
0
0
0
1
0
0
0
0
0
2
1
1
1
0
0
0
0
2
0
1
0
1
3
0
0
0
0
0
0
3
1
1
0
0
0
0
0
0
0
1
0
0
0
0
0
0
1
0
1
0
1
0
0
1
1
0
1
0
1
1
0
1
0
1
0
0
0
0
0
0
0
0
0
0
1
0
1
0
0
0
0
1
0
1
0
2
1
1
1
0
0
0
0
0
0
0
0
2
1
0
0
0
0
1
0
0
0
0
0
0
0
1
0
0
0
0
0
0
1
0
0
0
0
0
1
1
0
1
0
0
0
0
0
0
0
0
1
0
0
0
0
0
3
0
0
0
0
0
0
0
0
1
0
0
0
1
0
0
0
0
0
1
0
0
0
0
0
0
1
0
0
0
1
0
0
0
0
0
2
1
0
0
1
0
0
0
0
0
1
0
0
0
1
0
0
0
1
0
0
1
0
0
1
0
0
0
0
2
0
0
0
0
0
0
0
0
0
1
0
0
1
0
0
0
0
0
0
0
0
0
0
0
2
0
0
0
0
0
0
0
0
0
0
0
0
0
0
0
0
0
0
0
0
0
0
0
0
0
0
0
0
0
0
0
0
1
0
0
1
1
0
1
0
0
0
0
0
0
1
0
1
0
0
0
0
0
0
0
0
0
0
0
0
0
0
1
0
0
0
0
0
0
0
0
0
0
0
0
0
0
0
0
0
0
1
0
0
0
0
0
0
0
0
0
2
0
0
0
0
0
0
0
0
1
0
0
0
0
0
0
0
0
0
0
0
1
1
0
0
0
0
0
0
0
0
0
0
0
0
0
0
0
0
0
0
0
0
0
0
0
0
0
0
0
0
0
1
0
0
0
0
0
1
0
0
0
0
0
0
0
0
0
0
0
0
1
0
0
0
1
0
0
0
0
0
0
0
0
0
0
0
1
0
0
0
0
0
1
0
1
0
0
0
0
0
0
0
0
0
0
0
0
