710
1100
2530
5441
9451
12741
14167
13493
12107
10373
9060
8047
7248
6714
6058
5412
5075
4609
4342
3927
3680
3527
3068
2851
2661
2282
2003
1757
1634
1434
1213
1092
924
818
686
608
543
429
387
319
342
284
277
222
209
230
204
194
198
195
201
212
215
209
213
177
210
214
194
237
239
231
266
235
290
268
290
268
308
319
302
316
318
341
324
363
356
364
373
375
437
403
437
445
454
519
516
511
531
580
553
549
595
602
624
631
719
681
695
675
715
741
770
786
821
808
829
802
855
879
904
926
999
939
1021
1028
1041
1003
1033
1046
1029
1087
1143
1117
1128
1189
1188
1192
1190
1190
1195
1202
1203
1302
1203
1262
1255
1218
1322
1294
1291
1268
1247
1335
1353
1284
1252
1241
1279
1323
1373
1315
1273
1247
1294
1226
1262
1211
1234
1257
1247
1200
1288
1259
1230
1250
1188
1149
1131
1182
1169
1197
1160
1136
1114
1126
1119
1162
1183
1089
1071
1045
1082
1019
1070
1055
1019
1026
1028
1082
1026
1003
1014
963
982
999
940
1006
964
981
956
915
1013
881
953
930
903
949
899
934
862
859
850
868
827
868
828
871
859
888
833
800
901
797
791
831
816
840
720
813
730
825
805
762
756
759
783
766
776
753
771
721
762
747
686
741
718
709
721
746
723
744
728
751
707
698
730
674
723
708
726
677
682
693
701
713
698
670
661
642
684
678
669
688
601
625
676
617
641
629
593
609
646
603
618
546
539
606
575
605
595
609
593
576
591
634
566
581
559
576
582
566
613
592
558
559
558
520
581
565
513
563
516
531
545
499
550
487
503
555
501
478
466
481
480
508
477
510
470
481
435
476
435
450
441
470
395
446
414
370
427
417
415
382
391
428
371
395
416
406
403
385
339
371
387
354
381
379
384
353
359
353
365
350
340
332
350
354
326
346
338
321
330
338
345
347
331
335
372
338
318
346
352
348
354
362
354
353
341
354
369
345
383
365
339
386
388
350
403
351
388
408
357
438
356
362
371
407
379
399
382
371
385
378
389
385
391
376
361
389
364
351
340
355
307
357
339
326
339
285
311
298
292
301
287
286
253
286
249
254
272
265
231
257
228
252
241
241
232
238
217
200
196
231
198
209
208
177
169
200
181
203
185
190
213
192
145
151
194
170
163
198
167
175
182
174
182
153
163
173
147
179
155
180
193
160
166
180
170
133
161
163
173
157
133
168
160
157
189
159
180
128
142
170
168
161
149
159
147
137
154
153
134
128
135
168
150
146
127
139
136
114
143
126
142
145
134
108
120
141
131
125
124
138
109
129
132
127
126
99
103
140
112
101
116
109
112
111
109
119
114
88
107
103
115
104
100
98
97
95
99
100
112
91
105
127
94
107
102
110
99
82
101
106
99
106
100
107
122
98
86
96
109
104
92
100
102
84
98
107
105
104
79
80
76
77
92
94
74
115
100
88
79
72
86
84
83
103
83
77
76
85
73
81
90
83
91
96
90
103
82
76
84
68
86
94
87
83
88
75
92
98
85
83
80
90
73
80
83
99
64
93
75
63
82
78
87
84
71
66
68
72
82
85
93
89
86
80
79
67
80
95
79
103
82
82
76
75
82
64
75
76
84
85
89
86
78
70
75
82
76
57
88
72
74
81
70
81
72
92
74
72
90
74
75
77
85
77
78
73
80
66
72
89
64
84
71
58
74
53
85
66
71
57
69
73
72
51
91
67
74
45
51
73
45
67
44
76
66
77
61
55
65
72
55
58
62
58
64
60
64
61
63
49
61
50
63
52
55
55
61
58
60
55
52
64
50
46
60
58
46
64
56
61
49
54
58
45
51
46
61
54
58
65
50
48
49
52
47
61
41
58
47
54
56
57
39
59
54
52
50
59
67
51
53
59
50
46
57
55
55
63
53
44
53
53
66
52
49
50
54
45
49
52
60
50
44
32
56
50
51
55
61
42
35
46
40
58
53
40
43
47
49
44
41
52
60
43
46
48
55
47
61
39
51
51
52
37
46
41
48
52
54
44
46
48
35
47
33
49
50
46
28
49
49
43
47
38
51
45
47
49
50
45
41
44
41
38
49
33
48
45
49
50
37
44
54
47
49
37
49
46
54
39
41
31
39
35
53
42
36
39
51
33
45
54
40
37
38
42
54
42
30
45
61
33
44
38
38
48
42
38
45
42
38
37
40
44
38
41
43
42
41
45
37
35
38
35
37
55
35
34
38
48
42
41
36
40
46
35
44
40
42
49
31
50
45
36
43
45
39
43
48
34
35
45
44
38
34
33
37
39
50
43
44
35
43
31
51
43
31
34
46
36
34
42
39
32
43
52
35
42
43
34
44
29
39
37
46
45
37
39
37
34
34
39
37
37
48
33
44
26
46
37
33
41
41
39
37
30
36
37
31
38
41
38
41
30
32
31
32
50
51
51
35
39
36
31
36
29
39
29
35
26
50
27
40
33
41
29
43
31
33
41
24
33
40
23
39
30
40
32
34
37
35
33
31
24
48
25
29
39
42
33
44
32
35
32
30
21
36
34
35
33
31
18
27
29
27
33
27
33
29
17
27
35
33
38
36
25
38
25
29
33
42
29
34
32
46
35
37
27
32
33
28
40
30
26
26
23
43
34
31
31
32
29
29
43
24
28
21
31
35
32
31
32
32
35
28
32
22
32
26
28
25
31
28
25
33
36
47
28
35
34
31
32
26
30
28
37
28
35
27
27
30
26
47
26
36
28
29
32
35
30
24
26
31
39
20
44
33
37
33
29
35
29
44
32
30
31
32
21
31
28
26
38
26
23
36
33
32
38
26
31
35
35
38
25
33
40
36
34
22
18
24
19
19
33
31
26
30
32
35
33
30
39
38
29
35
38
20
28
44
29
24
26
32
31
30
36
30
16
27
24
36
25
19
25
32
38
27
23
28
26
29
29
29
26
37
29
30
32
29
36
33
32
28
26
29
25
24
32
35
17
31
27
28
29
31
27
23
33
32
18
24
37
33
21
24
26
26
13
24
27
23
26
32
34
26
20
27
27
26
36
23
23
17
28
34
20
22
29
23
23
26
26
24
23
31
21
29
18
26
19
25
26
25
21
26
25
29
27
31
16
28
30
22
19
27
29
28
21
16
23
26
30
19
23
24
16
33
28
25
21
20
21
26
15
20
17
34
29
26
24
32
21
21
30
26
26
18
22
20
27
20
28
23
22
26
20
29
21
24
33
20
32
23
24
26
30
17
28
21
27
23
17
19
22
32
27
23
24
19
26
24
15
16
21
21
24
19
22
22
24
22
16
16
16
33
16
15
28
24
20
23
24
28
23
29
25
26
25
23
28
22
28
28
19
24
24
24
23
29
28
23
37
25
17
23
31
20
22
26
22
20
20
19
28
26
19
24
28
22
23
18
21
22
14
22
18
24
23
17
22
22
23
23
21
18
27
21
12
34
21
25
19
25
23
20
24
23
22
28
23
22
30
15
21
17
13
27
34
32
20
27
22
20
21
21
14
24
16
28
20
19
24
21
17
28
25
28
23
13
20
22
21
22
23
17
25
14
25
30
14
19
15
16
18
28
26
19
16
25
21
16
25
20
18
23
20
23
24
25
19
20
15
21
14
26
17
23
23
16
28
27
24
20
19
22
23
20
14
17
27
12
24
15
22
20
21
23
21
22
21
21
25
19
26
20
24
24
26
22
12
22
22
16
13
18
21
25
19
18
25
24
26
15
32
20
26
17
20
19
28
16
13
28
19
15
21
22
16
15
20
17
21
29
20
23
23
21
18
17
12
25
24
18
18
25
24
17
15
13
28
16
21
14
29
22
26
15
26
20
16
17
14
18
18
15
16
23
23
21
15
25
22
18
16
19
13
19
11
16
10
19
12
21
17
17
19
13
7
13
18
9
23
14
16
20
30
17
16
24
25
17
22
25
17
16
14
20
25
16
15
15
29
17
14
13
20
24
20
27
26
20
22
18
19
12
13
15
16
16
22
22
10
22
23
14
22
15
15
18
13
12
24
16
17
14
20
17
13
18
18
16
14
17
20
26
14
23
17
20
25
14
23
18
26
22
11
17
20
13
17
21
19
19
21
25
18
14
15
15
21
20
17
14
17
16
19
21
18
21
10
21
16
20
20
21
18
24
20
11
21
16
12
21
24
17
18
18
19
16
9
22
15
13
26
17
12
16
21
22
13
15
16
21
16
17
15
23
17
21
16
9
17
25
17
19
22
19
16
17
14
18
20
22
18
17
20
25
17
12
17
15
16
22
20
18
26
14
18
18
18
11
11
20
21
21
22
23
23
18
13
14
23
10
17
15
12
14
14
21
16
10
17
16
10
23
18
20
21
23
19
19
15
10
19
17
14
15
18
14
17
10
23
21
21
13
23
27
18
22
17
13
21
18
17
12
15
14
11
17
14
15
21
13
16
13
21
17
15
19
14
15
21
13
9
19
13
13
18
13
17
17
16
14
18
13
18
19
20
22
18
16
16
17
18
17
17
22
23
16
24
19
17
15
16
13
13
15
21
16
15
17
17
24
14
13
14
21
21
19
22
12
15
20
11
12
18
21
19
17
19
12
16
14
21
17
14
12
17
15
14
12
25
13
18
23
17
19
18
20
18
15
12
10
15
22
15
12
13
20
10
12
16
17
11
14
7
12
11
20
15
19
15
16
14
21
18
18
19
7
14
16
17
17
19
16
19
18
17
22
14
12
18
12
10
21
6
16
17
18
19
20
14
23
12
23
15
5
17
19
16
11
16
16
16
15
18
13
15
11
14
19
18
11
17
15
22
16
15
13
13
18
17
24
15
17
20
14
17
20
6
15
14
16
17
17
13
14
19
22
15
18
10
19
11
13
14
19
25
18
10
16
16
10
17
21
15
24
13
11
19
23
14
10
14
16
20
15
9
17
23
14
8
13
16
18
11
23
11
11
19
17
8
11
20
13
20
19
18
24
15
15
19
20
14
12
11
15
15
12
10
14
15
17
8
12
11
14
15
13
15
13
10
14
14
9
16
16
11
17
18
16
7
15
16
20
12
16
15
12
14
12
21
14
10
11
16
14
8
14
14
14
13
16
11
12
14
14
17
17
18
18
16
10
14
14
14
20
18
9
14
18
10
17
21
12
16
17
14
16
9
20
9
14
13
18
18
17
20
13
13
16
10
18
19
15
18
10
14
16
20
13
19
14
20
12
11
17
10
14
18
13
17
18
14
16
18
12
13
13
18
20
10
13
9
19
14
13
10
17
18
19
13
10
17
13
11
21
11
15
19
22
23
13
13
20
21
20
17
7
13
18
14
13
21
12
11
17
6
12
20
18
14
17
13
20
20
18
13
12
14
19
14
18
17
15
16
14
19
12
13
16
22
14
10
13
15
18
15
12
11
12
17
17
13
8
14
12
21
18
16
17
15
15
16
17
12
14
25
24
17
10
21
18
19
14
17
25
25
19
12
25
18
23
19
19
14
16
17
23
12
16
19
22
22
24
20
19
27
21
22
23
27
23
19
18
23
22
20
20
25
26
20
21
27
26
20
17
31
24
30
25
23
29
33
40
19
33
43
29
36
43
48
41
32
46
40
50
38
40
48
37
47
48
46
49
55
53
54
55
46
44
60
52
59
69
54
55
50
52
63
74
75
63
74
57
57
61
88
63
76
72
75
63
67
67
77
67
71
78
70
88
92
88
97
83
88
83
103
98
98
80
82
93
87
85
99
112
119
94
102
94
91
97
99
106
88
99
122
105
139
104
99
105
102
119
98
100
118
121
111
100
108
119
93
97
112
120
103
127
90
105
123
109
120
88
119
126
134
113
115
108
102
92
94
107
104
100
95
99
113
96
86
88
88
104
86
81
98
92
106
100
109
89
88
84
93
116
90
76
81
81
83
73
79
68
78
80
81
73
78
78
70
66
51
64
68
68
59
66
63
63
60
56
66
54
55
57
58
48
50
53
59
45
48
45
53
52
43
57
45
46
52
48
32
49
56
36
37
33
40
36
35
41
32
37
31
22
35
31
29
44
44
27
31
34
37
35
35
32
31
29
28
33
21
27
21
41
27
25
29
32
22
19
23
36
34
26
31
31
28
27
22
26
16
20
16
17
23
26
17
27
18
22
35
23
31
30
20
23
26
22
22
21
25
18
27
25
22
22
20
25
27
26
21
29
23
15
18
27
27
28
21
16
24
37
22
26
25
30
33
24
19
17
21
36
26
30
33
28
26
35
30
24
28
21
27
25
17
40
24
37
37
34
26
26
34
30
26
24
28
19
34
30
29
34
35
29
32
25
29
35
34
27
37
26
36
30
39
25
30
43
27
30
40
41
35
40
33
36
28
26
33
39
34
34
41
38
43
40
31
41
28
29
25
33
32
35
31
26
30
43
37
31
43
32
29
35
39
42
28
32
27
24
25
27
37
26
25
39
42
32
33
21
33
27
23
31
30
26
38
27
31
38
28
29
36
29
25
37
29
33
33
31
33
26
18
29
34
30
23
35
31
27
31
27
21
23
36
26
22
20
34
24
27
28
33
28
23
28
34
21
14
22
24
17
18
22
28
24
23
25
20
14
12
24
26
21
26
24
16
14
21
16
28
17
23
16
24
21
13
24
14
13
17
14
16
24
17
7
22
18
17
15
17
20
28
19
16
21
12
10
18
23
16
12
13
14
21
16
14
13
17
14
20
21
15
22
10
17
14
14
11
7
12
10
15
13
12
12
16
18
11
18
13
11
8
18
17
12
7
16
21
15
15
15
10
12
8
11
19
8
11
13
9
13
15
22
13
15
9
18
20
13
11
15
19
14
15
21
8
13
12
18
15
12
9
10
13
14
12
9
12
16
10
18
18
17
16
16
16
7
13
18
23
15
21
12
12
7
21
13
12
16
15
16
11
10
5
10
9
9
12
10
15
25
11
11
12
14
13
13
12
10
9
19
10
12
9
15
11
6
8
8
11
11
13
11
11
22
15
11
9
11
11
14
6
8
11
13
9
9
16
15
11
10
8
14
8
13
11
10
8
10
9
12
12
19
12
15
11
10
16
11
14
14
12
14
14
14
9
19
6
11
14
12
8
14
7
7
6
14
15
11
12
18
19
15
12
13
7
15
8
11
16
14
7
16
11
15
8
6
11
14
14
16
11
12
13
13
18
9
14
15
10
7
8
12
13
6
15
12
17
11
10
10
9
9
17
13
14
5
7
15
15
13
11
22
11
15
8
18
11
12
14
6
8
10
9
12
16
10
12
21
8
11
15
11
12
12
6
10
9
6
10
12
11
14
13
14
10
16
12
8
11
13
11
11
17
16
6
13
13
13
14
14
18
3
16
12
17
9
14
12
17
4
12
18
11
7
11
12
15
10
10
7
13
8
13
13
14
10
4
9
12
12
16
11
17
14
12
10
11
9
7
16
11
9
12
4
8
12
17
10
11
14
2
14
15
4
11
11
11
15
10
10
10
13
5
7
8
12
9
10
10
7
7
10
15
12
12
12
8
6
11
13
11
11
14
12
12
9
8
10
9
16
10
7
15
6
5
15
13
11
15
5
13
7
11
14
10
12
7
13
9
13
7
10
11
14
6
16
14
11
7
9
6
14
20
11
7
9
6
11
9
9
14
10
13
14
14
7
20
13
6
9
13
8
12
13
11
11
5
10
7
8
10
10
8
10
12
14
8
11
11
9
7
8
8
5
11
7
13
6
8
11
9
7
7
10
6
6
7
9
8
4
9
3
10
6
7
5
8
5
12
8
9
10
4
4
7
9
6
7
4
7
4
8
6
12
4
10
11
7
4
10
5
4
6
6
6
7
5
5
4
7
7
5
7
7
6
7
9
9
5
5
10
6
3
7
1
6
4
3
9
5
9
5
0
2
6
4
4
5
7
7
5
5
6
3
3
6
4
8
6
2
8
5
2
3
6
5
5
6
7
4
3
10
5
5
8
5
2
1
6
5
3
3
4
2
0
5
3
2
1
1
3
7
5
3
4
3
2
4
2
2
2
2
5
3
3
2
5
1
4
4
2
3
2
4
7
1
3
4
9
1
3
3
6
4
4
3
5
5
4
5
4
1
2
2
3
1
2
5
3
4
3
2
2
1
3
2
10
1
3
3
3
2
2
3
3
2
4
3
1
2
3
2
1
6
3
4
1
5
4
3
1
5
1
4
2
2
2
5
4
2
1
4
3
3
3
3
2
3
3
6
1
4
2
4
1
3
1
1
5
1
2
7
4
4
2
1
5
2
1
3
1
3
2
2
2
1
3
1
1
3
5
1
0
1
3
2
4
4
5
0
2
3
1
2
6
2
7
2
3
2
6
1
4
1
1
2
2
3
2
2
2
0
3
3
3
3
2
2
2
4
2
1
2
2
2
2
2
2
3
1
1
3
3
4
2
2
1
2
2
0
3
2
1
2
2
3
1
0
2
0
3
1
3
2
2
1
5
2
4
5
1
1
0
1
0
0
3
0
1
0
0
1
0
4
1
1
2
1
2
3
4
0
0
4
2
2
0
1
1
1
0
3
0
3
0
0
0
4
2
1
1
1
1
1
0
1
1
2
1
1
3
2
0
1
2
1
0
3
0
1
1
0
1
2
1
0
1
0
0
3
0
2
0
0
0
1
1
0
0
1
1
1
0
1
0
2
1
2
0
0
1
4
0
2
1
0
1
0
2
0
0
0
1
0
2
0
1
4
0
2
0
1
0
0
2
1
0
2
0
0
2
0
0
1
1
2
0
1
0
0
0
3
0
2
0
1
0
0
0
0
0
1
2
1
3
1
1
1
1
1
0
1
0
1
2
0
1
0
3
1
1
0
0
2
1
0
2
0
1
1
2
0
2
0
1
1
1
0
0
0
1
1
0
0
1
1
1
1
2
3
1
0
1
0
2
2
0
0
1
1
2
1
0
1
1
0
0
1
0
0
1
0
1
1
2
1
0
1
0
0
0
1
0
1
0
3
1
2
2
0
0
1
0
0
1
2
0
3
0
3
0
1
0
0
0
0
0
0
0
0
0
2
3
1
0
2
1
1
1
0
0
1
1
1
2
0
0
0
1
1
0
1
2
2
2
1
3
1
2
1
0
0
0
0
0
1
1
1
0
0
1
1
1
2
1
2
1
1
0
1
0
2
0
0
2
0
2
0
0
0
0
3
1
0
2
1
0
0
1
0
1
2
0
2
0
1
0
0
0
1
0
1
3
1
0
2
0
1
1
0
0
0
0
0
0
2
1
0
2
0
0
0
0
0
1
0
0
0
2
1
0
1
1
2
1
1
0
0
0
1
1
0
1
0
1
1
0
0
0
1
2
2
1
0
2
1
2
2
2
1
3
1
2
0
1
0
