107
159
253
509
739
877
850
681
513
410
280
208
185
126
132
125
99
98
98
83
84
66
68
68
50
57
54
43
48
49
48
37
34
36
41
36
42
31
37
28
38
30
26
26
28
36
31
35
33
28
37
38
46
36
35
53
44
51
50
49
57
43
48
53
67
54
56
64
75
67
69
71
76
85
97
85
91
94
93
105
121
92
91
112
130
134
129
126
137
149
139
140
137
168
154
185
169
184
193
177
184
188
192
185
209
192
206
203
210
203
200
205
219
246
216
240
237
239
217
220
227
248
275
237
255
223
245
244
220
238
241
242
225
240
230
235
241
259
250
248
240
230
244
256
243
221
263
211
240
263
248
211
227
221
199
193
213
218
188
203
202
192
189
186
180
178
194
189
184
180
192
197
163
160
169
169
155
158
159
144
153
150
157
139
140
151
135
164
140
128
130
139
117
113
129
130
130
126
103
112
123
129
134
95
106
85
120
125
115
93
98
110
106
91
109
104
87
81
102
92
92
89
94
93
84
90
80
86
75
102
94
79
69
76
82
81
73
69
75
76
69
77
60
54
68
76
58
73
62
75
83
61
81
62
53
64
68
69
64
56
59
63
52
75
67
56
65
73
59
65
62
68
55
50
65
71
52
56
58
60
50
42
58
64
54
61
63
64
53
37
60
43
59
64
47
55
59
44
45
45
53
59
43
55
50
55
45
42
43
51
45
43
48
56
41
54
45
55
44
35
39
55
49
29
41
40
54
35
31
43
35
36
42
44
32
35
36
46
43
41
34
28
44
33
36
40
45
37
41
34
26
30
25
25
25
31
36
43
40
29
28
35
32
39
31
35
27
37
29
42
44
30
36
23
34
33
23
38
36
29
36
35
25
29
21
37
37
41
26
21
28
34
20
25
34
23
42
34
32
30
33
29
27
28
37
33
33
29
32
24
31
26
32
25
31
17
27
25
30
20
16
14
27
28
16
16
20
27
34
19
21
16
20
22
17
25
23
15
17
21
25
13
19
15
18
11
18
15
19
19
15
20
19
9
16
17
16
13
21
8
21
17
17
18
11
12
12
14
18
12
17
15
20
9
10
12
10
13
21
16
12
20
12
21
13
15
10
9
11
16
9
12
8
10
15
16
10
16
16
7
14
11
9
8
11
16
12
8
10
12
7
8
11
9
15
6
7
18
14
9
6
8
10
6
14
10
10
10
8
6
8
6
14
8
8
7
8
5
8
4
4
7
10
7
7
9
7
4
4
8
8
8
6
10
5
4
9
10
8
14
7
5
9
9
8
4
8
7
6
5
4
5
6
5
3
7
7
4
7
4
11
1
7
6
3
9
7
9
5
6
9
4
1
4
5
3
7
2
7
6
6
8
9
8
8
3
7
15
5
0
1
5
4
10
5
7
2
7
5
2
4
3
7
4
5
6
9
7
4
8
6
3
8
5
8
2
4
9
5
6
5
6
5
2
5
6
3
4
4
3
2
5
3
8
3
2
7
3
8
5
3
7
6
3
6
3
3
4
12
3
3
9
7
6
4
7
8
6
2
6
5
3
5
4
8
5
3
2
5
3
2
7
5
9
6
4
1
6
6
7
8
4
9
4
4
3
6
2
3
8
1
7
4
4
2
7
3
1
5
4
1
5
7
3
3
7
2
4
3
5
5
1
3
1
2
3
4
2
3
9
4
2
3
4
4
4
2
4
5
7
2
1
3
1
2
5
4
2
2
5
5
2
3
2
3
2
5
4
1
4
2
3
5
4
4
5
3
1
3
3
2
4
5
1
6
0
3
1
3
6
4
7
7
2
3
4
4
3
2
1
2
5
2
1
2
2
4
1
4
4
6
1
2
3
3
4
6
0
2
1
4
5
3
3
1
0
2
0
3
3
3
5
1
1
1
3
3
2
4
0
1
1
1
3
3
3
5
3
2
3
3
4
1
1
0
2
1
2
4
4
1
6
1
5
2
3
4
5
2
1
5
1
4
6
1
6
4
0
1
3
1
4
1
1
1
2
2
4
1
4
1
1
6
8
2
1
2
2
2
0
2
3
1
3
1
1
2
3
2
4
1
3
3
1
2
6
2
1
3
4
1
1
1
3
4
5
1
2
2
2
2
1
2
3
3
5
0
1
2
1
1
4
5
0
4
1
3
1
1
2
2
0
7
11
0
3
5
0
1
4
1
2
1
0
2
0
1
2
3
3
2
1
3
2
4
3
1
0
2
1
5
4
6
5
3
0
1
2
2
6
4
2
2
1
4
2
5
3
2
4
2
1
1
1
1
7
1
5
3
2
1
2
2
3
0
2
3
2
2
3
1
2
1
2
3
1
2
2
2
1
2
2
1
2
2
2
1
2
2
0
4
3
1
1
1
5
4
1
4
4
1
2
2
2
2
1
0
0
0
3
2
2
3
1
2
2
4
4
2
0
0
0
0
1
1
1
1
2
2
2
2
4
0
1
2
2
1
1
1
2
3
1
0
0
0
2
3
2
0
2
1
5
1
1
4
3
2
2
0
2
0
2
4
2
0
1
0
2
0
3
1
0
1
2
0
0
1
1
1
3
2
1
2
2
4
4
1
1
1
1
1
2
1
2
1
3
2
2
1
1
1
2
3
1
0
3
1
1
0
4
1
2
2
0
1
2
1
0
1
2
1
1
1
3
2
2
3
2
2
3
0
3
0
1
2
2
2
1
0
0
0
3
3
4
0
0
0
2
0
0
1
1
0
4
0
0
3
1
2
0
2
4
2
2
4
2
1
2
0
0
2
2
2
2
3
1
7
0
1
1
3
2
1
1
2
2
3
0
3
1
0
1
2
4
2
0
2
0
0
1
1
2
2
1
1
3
0
2
2
1
3
2
1
0
3
2
0
1
3
0
0
0
2
2
3
2
2
2
2
1
1
2
1
0
1
2
1
1
0
1
2
1
1
2
1
2
2
0
3
0
1
0
1
2
1
1
0
1
1
1
0
1
2
3
0
1
1
0
0
0
1
2
1
1
0
0
0
2
0
1
0
0
1
0
0
1
1
1
0
2
1
1
0
3
0
0
2
0
0
0
2
0
3
2
1
5
4
0
2
1
0
1
0
1
4
1
0
2
0
0
1
1
1
2
0
1
2
1
1
1
1
1
0
0
0
2
0
1
0
0
0
0
1
2
0
0
2
0
4
1
2
0
1
1
0
1
1
1
3
3
0
3
0
1
2
1
0
2
0
0
1
0
1
1
1
0
0
1
1
0
0
1
1
1
0
1
1
1
1
3
0
0
1
2
0
1
1
1
0
0
0
2
1
1
2
0
1
2
0
0
2
0
3
2
0
0
0
1
0
2
1
3
1
1
0
0
0
1
1
0
1
2
2
2
2
0
2
0
0
0
0
2
1
0
0
0
1
2
1
1
1
0
1
0
0
2
0
1
0
0
0
0
0
0
1
2
0
0
1
2
1
0
1
1
0
0
2
0
2
0
1
0
1
1
0
1
0
0
0
2
0
1
2
1
2
1
0
0
1
0
1
1
0
3
0
1
0
0
2
2
2
0
1
1
3
1
0
1
2
1
0
0
0
3
0
1
1
1
2
0
0
2
1
0
0
1
2
1
2
0
1
2
0
3
1
0
1
1
1
0
1
0
2
0
0
0
0
0
0
0
1
0
0
2
0
1
0
0
0
0
1
1
1
1
0
2
0
2
3
2
0
0
2
2
0
1
0
1
0
0
1
0
1
2
1
0
1
0
0
0
2
0
1
0
0
1
0
0
1
0
1
0
1
1
0
0
0
1
0
0
1
1
0
0
2
0
0
0
1
1
0
1
2
0
2
0
0
0
0
0
0
0
1
0
0
0
0
0
0
1
1
1
0
0
1
1
1
0
0
2
1
0
0
0
0
0
0
2
1
2
0
0
0
1
3
0
0
1
0
1
0
0
0
0
0
0
0
0
1
0
0
0
0
0
1
0
2
1
1
1
2
2
0
1
1
0
0
0
2
0
0
0
0
0
1
1
0
0
0
0
3
0
0
0
0
0
0
1
0
1
0
0
2
1
0
0
0
1
1
1
1
1
1
1
1
1
2
0
0
1
0
2
0
0
0
0
0
0
0
0
0
3
0
0
0
0
0
1
1
0
1
0
1
1
0
0
0
0
0
1
1
0
0
1
0
0
1
1
0
0
0
0
2
0
2
0
1
0
0
0
0
0
0
1
0
0
0
0
2
1
0
0
0
2
0
0
0
0
0
0
1
2
0
0
0
0
0
1
1
0
0
0
0
0
1
0
1
1
1
1
0
1
0
1
0
0
0
1
1
0
0
0
0
0
1
2
1
1
0
0
1
0
1
0
0
0
0
0
1
1
0
0
2
0
0
0
0
0
0
0
0
0
1
0
1
0
0
0
0
0
0
0
1
0
1
0
1
0
0
0
1
0
1
2
0
2
0
0
1
0
1
1
0
0
0
0
2
1
0
0
0
1
0
0
2
0
0
1
0
2
0
3
0
1
0
1
0
1
0
0
0
0
1
1
1
1
0
1
0
2
0
0
0
0
0
2
0
0
2
1
0
0
0
0
0
1
3
0
0
0
0
1
0
0
0
0
0
2
0
0
1
2
0
1
0
0
0
0
0
2
1
0
1
1
1
0
0
0
0
1
0
0
1
0
1
0
0
2
0
0
0
0
1
2
0
0
0
0
0
0
1
0
0
0
0
1
0
0
0
0
0
1
0
1
0
0
2
0
0
0
0
1
0
2
0
2
0
0
0
2
0
0
1
0
0
0
0
0
0
0
2
2
0
0
0
1
0
0
1
1
0
2
0
0
1
1
0
0
0
0
0
0
0
0
0
0
0
0
0
1
1
0
1
0
0
0
0
1
0
0
0
3
0
0
0
0
0
0
1
0
0
0
0
1
0
1
0
0
1
1
0
1
0
0
0
2
0
0
0
0
0
0
0
1
0
0
0
0
0
1
0
0
0
1
1
0
0
2
2
0
0
0
2
1
0
0
0
0
0
0
0
0
1
0
0
0
0
1
0
0
0
0
1
0
0
0
0
0
1
1
1
2
0
3
0
0
0
2
0
0
0
1
0
1
2
2
0
2
0
1
0
0
0
0
0
0
0
1
0
1
0
0
0
0
1
0
0
0
0
1
1
0
0
1
1
2
0
1
0
1
1
0
2
2
0
1
0
0
2
0
1
0
0
0
1
0
0
0
0
0
2
0
0
0
1
1
0
0
1
0
0
0
0
0
0
0
1
1
0
0
0
1
1
0
2
2
1
1
0
0
0
0
0
1
3
0
1
1
0
2
1
0
1
2
2
0
2
0
1
1
1
0
0
1
0
0
1
1
0
0
3
1
0
2
1
1
4
1
1
2
3
3
4
1
4
4
2
4
0
1
1
0
3
4
5
4
1
6
2
5
6
1
1
2
4
6
5
4
5
2
4
6
2
7
3
6
5
5
5
3
2
4
10
10
7
13
7
10
4
10
9
16
9
13
8
9
10
3
13
3
5
9
20
6
19
17
15
13
13
13
20
12
22
14
13
13
17
19
20
23
15
23
15
19
19
18
18
17
20
25
25
23
28
29
25
37
36
22
33
29
39
17
39
30
28
30
29
34
39
32
30
36
39
35
33
43
32
38
41
37
37
42
39
39
30
50
41
43
44
38
44
50
45
45
37
39
37
41
37
47
51
38
36
36
47
42
31
42
43
39
35
30
36
34
40
29
41
48
39
58
41
39
57
40
44
41
38
40
29
41
49
38
39
44
37
42
50
42
47
45
49
36
37
32
30
31
27
23
26
25
29
37
27
26
28
31
31
36
29
34
34
25
32
17
23
26
28
33
39
18
25
26
21
17
19
24
19
27
24
11
15
29
17
21
18
18
23
19
10
20
18
7
16
13
19
12
13
11
14
10
14
12
15
10
10
4
4
7
6
10
5
10
9
7
7
3
2
5
1
2
7
4
8
3
2
5
4
10
9
5
1
5
4
7
2
2
5
2
2
3
4
4
2
2
3
4
1
4
0
0
1
1
3
2
1
2
2
0
2
0
0
5
0
0
1
1
1
1
0
0
2
0
0
0
1
0
1
0
1
1
1
1
0
3
1
1
1
1
0
0
0
0
0
1
0
0
1
0
1
0
1
0
0
0
0
0
1
1
1
0
0
1
2
1
0
1
2
0
1
0
0
0
0
2
1
0
0
0
0
0
0
0
1
0
0
2
0
0
0
0
0
1
0
1
0
1
0
1
1
1
0
0
0
1
0
1
0
1
0
0
0
0
0
1
1
0
0
1
0
0
1
0
0
0
1
0
0
0
0
0
1
0
0
0
1
0
1
0
1
0
0
0
1
0
1
0
1
0
0
1
2
0
1
1
0
0
0
0
0
1
0
0
0
0
0
0
0
0
1
1
0
1
0
0
0
1
0
0
0
0
0
0
0
0
0
1
0
0
0
0
0
0
0
0
1
0
0
1
0
0
1
0
1
0
0
2
0
0
0
0
0
0
0
1
0
0
0
0
0
0
0
1
0
0
0
0
0
0
0
0
0
1
0
2
1
0
0
0
0
0
0
0
0
1
1
1
0
0
0
0
0
0
0
0
0
1
0
0
0
0
1
0
0
0
0
0
0
0
0
0
0
1
0
0
0
0
0
0
0
0
0
1
1
0
2
0
1
0
1
0
0
0
0
0
0
0
1
1
0
0
0
0
0
0
1
0
0
0
0
1
0
0
1
0
1
0
0
0
0
0
0
0
0
0
0
1
0
0
0
0
0
0
0
0
0
0
1
0
0
0
0
0
0
0
0
1
0
0
0
1
0
0
0
0
0
0
0
0
0
0
0
1
0
0
0
0
0
1
1
0
0
0
0
0
0
0
0
0
0
0
1
0
2
0
0
0
0
0
1
0
1
0
0
0
0
0
0
1
0
0
1
1
1
1
0
0
0
0
0
0
0
0
0
0
0
0
0
0
1
1
0
0
0
0
0
0
0
1
0
0
0
0
0
1
0
0
0
0
0
1
0
0
1
0
0
0
1
0
2
0
0
0
0
0
0
0
1
0
0
0
0
0
0
0
0
0
0
0
0
0
0
1
0
0
0
0
0
0
0
0
0
0
0
0
1
0
0
0
0
1
0
0
0
0
0
0
0
0
0
0
1
1
0
0
0
0
0
0
0
0
0
0
0
0
0
0
0
0
0
0
0
0
1
0
0
1
0
1
0
0
1
0
0
0
1
0
0
0
0
0
0
0
1
0
0
0
0
0
0
0
0
0
1
0
0
0
0
0
0
0
0
0
0
0
1
0
0
0
0
0
1
0
0
0
0
0
0
0
0
0
1
0
0
0
0
0
0
0
0
0
0
0
0
0
0
0
1
0
1
0
0
0
0
0
0
0
1
0
0
0
0
0
0
0
0
1
0
1
0
0
0
0
0
0
0
0
1
1
0
0
0
0
0
0
0
0
0
0
0
0
0
0
1
0
0
0
0
0
1
0
1
0
1
2
0
0
0
0
0
0
0
0
0
0
0
0
0
0
0
0
0
0
0
1
0
0
0
0
0
0
1
1
0
0
0
0
0
0
0
0
0
1
0
0
1
0
0
0
0
0
0
0
0
1
0
1
0
1
0
0
0
0
1
0
0
0
0
0
1
0
0
0
0
0
0
0
1
0
0
0
0
0
0
0
0
0
0
0
1
1
0
0
0
0
0
0
0
0
0
0
0
0
0
1
0
0
0
0
0
0
0
0
0
0
0
0
0
0
0
1
0
0
0
0
0
0
0
0
0
0
0
0
0
0
0
0
0
0
0
1
0
0
0
1
1
0
0
0
0
0
0
1
0
0
0
0
0
0
0
0
0
0
0
0
0
0
0
0
0
0
0
0
0
0
1
0
0
0
0
0
0
0
0
0
0
0
0
0
1
0
0
0
0
0
0
0
0
0
0
2
1
0
1
0
0
0
0
0
0
0
0
0
0
0
1
0
0
1
1
1
0
0
0
1
0
0
0
0
0
1
0
0
0
0
0
0
0
0
0
1
1
0
0
0
0
0
0
1
0
0
0
0
0
0
0
0
1
0
0
0
1
0
0
0
0
0
0
0
1
0
0
0
0
0
0
0
0
0
0
0
0
0
1
0
0
0
0
0
0
0
0
0
0
0
1
1
0
0
0
1
0
0
0
0
0
0
0
0
1
0
0
0
1
0
0
0
0
0
0
0
0
1
0
0
0
0
0
0
0
0
0
0
0
0
0
0
0
1
0
0
0
1
0
0
0
0
0
0
0
0
0
0
0
0
0
0
0
0
0
0
0
0
0
0
0
0
0
0
1
0
1
1
0
1
0
0
0
0
0
0
0
0
2
0
0
0
0
0
1
0
0
0
0
0
0
0
0
1
1
0
0
0
0
1
0
0
0
0
0
0
0
1
0
0
0
0
0
0
0
0
0
0
0
0
0
0
0
0
1
0
0
0
0
0
0
1
0
0
0
0
0
0
0
0
0
0
0
0
1
1
0
0
0
1
0
0
0
0
0
0
0
0
0
0
0
0
0
0
0
0
0
0
0
0
0
0
0
0
0
0
0
0
0
0
0
0
0
0
0
0
0
0
0
0
0
0
0
0
0
0
0
0
0
0
1
0
1
0
0
0
0
0
0
0
0
0
0
0
0
0
0
0
0
0
0
0
0
0
0
0
0
0
0
0
0
1
0
0
0
0
0
0
0
0
0
0
0
0
0
1
0
0
0
1
0
0
1
0
0
0
0
1
0
0
0
1
0
0
0
0
0
0
0
0
0
0
0
0
0
0
0
1
0
0
0
0
0
0
0
1
0
0
0
1
0
2
0
0
1
0
0
0
0
0
0
0
0
0
0
0
0
0
0
0
0
0
0
0
0
0
1
0
0
0
0
0
0
1
0
0
0
0
0
0
0
1
0
0
0
0
0
0
0
0
0
1
0
0
0
0
1
0
0
0
0
1
1
0
0
0
0
0
0
0
1
0
0
0
0
0
0
0
1
1
1
0
0
0
0
0
0
0
0
0
0
0
0
0
1
1
0
0
0
0
0
0
0
0
0
0
0
0
0
0
0
1
0
0
0
0
0
0
0
0
0
0
0
0
0
0
0
0
1
0
0
0
0
0
0
0
0
0
0
0
0
0
0
0
0
0
0
0
0
0
0
0
0
0
1
0
0
0
0
0
1
0
0
0
0
0
0
0
0
0
0
0
0
0
0
0
1
0
0
0
0
1
0
0
0
0
0
0
0
1
0
