279
0
0
0
0
0
0
0
0
0
0
1
0
0
0
0
1
2
1
1
5
0
3
1
1
3
3
1
1
0
0
0
0
4
2
3
2
1
3
3
2
1
2
2
4
0
3
3
4
4
1
3
5
3
3
1
6
2
6
4
6
3
4
5
4
6
1
3
4
2
6
3
1
2
2
9
0
6
5
1
8
6
2
4
3
8
1
7
1
9
4
8
2
8
3
10
0
4
4
12
1
3
4
5
1
10
3
7
2
2
4
3
6
8
4
4
2
5
6
2
7
3
3
1
6
1
5
5
10
1
7
2
11
1
5
0
3
4
5
4
4
12
3
5
1
3
7
4
4
0
2
4
3
2
6
4
2
6
2
6
6
4
3
12
2
3
1
12
5
6
13
0
2
4
6
2
3
1
13
1
8
2
8
4
2
0
15
2
2
4
5
1
5
2
2
10
1
3
3
7
2
5
5
5
10
1
3
0
0
2
12
8
1
2
1
21
1
1
2
5
3
8
2
8
4
2
4
14
0
3
5
9
1
2
8
2
6
4
5
4
12
0
2
1
5
6
1
4
6
0
5
2
8
3
2
1
15
2
1
2
5
9
2
2
8
3
1
10
8
3
2
3
1
17
2
0
7
5
3
6
4
3
9
1
5
4
3
8
8
5
5
2
13
0
7
5
3
7
3
10
3
2
0
11
3
5
2
11
0
4
2
4
5
2
1
13
0
3
3
0
3
9
1
7
0
4
1
11
0
6
2
1
3
2
4
8
1
5
2
1
0
17
0
1
5
4
1
2
8
1
1
4
1
6
0
2
9
1
3
4
2
4
6
1
16
5
6
2
3
5
0
0
15
0
1
1
4
3
3
8
2
11
7
0
6
2
10
7
2
1
16
1
3
6
3
2
7
4
6
7
2
7
4
0
3
4
0
2
0
27
1
2
2
1
3
2
4
8
2
0
12
7
4
6
0
8
10
3
1
4
0
16
1
3
1
6
3
1
5
0
0
2
8
1
4
12
5
0
6
3
4
0
0
0
0
23
1
1
1
1
1
2
3
9
2
10
2
0
6
4
5
2
12
2
8
1
6
6
1
0
0
11
0
2
0
9
0
7
1
7
4
7
1
2
6
1
4
3
4
6
1
2
1
9
7
1
2
1
4
2
0
0
32
0
0
0
2
2
0
1
4
6
9
1
1
7
1
1
6
0
3
1
0
1
10
1
3
9
9
1
6
1
3
5
0
1
10
0
1
2
4
9
2
3
0
3
2
0
12
0
1
1
5
3
6
0
1
3
3
1
3
5
0
5
4
1
8
1
2
5
1
1
0
1
0
33
0
0
2
0
0
2
5
1
5
6
0
7
2
6
4
1
6
2
5
3
8
1
3
1
9
6
2
0
15
0
0
4
6
3
6
0
2
9
7
3
2
0
2
0
16
0
0
2
4
5
1
6
1
0
9
0
4
6
1
1
6
0
1
2
1
7
6
1
2
6
1
4
4
1
5
2
2
1
3
2
4
2
3
0
5
2
2
3
3
3
0
0
0
0
0
0
28
0
0
1
0
0
1
0
2
2
2
3
2
6
0
6
1
6
2
1
1
2
2
0
5
1
8
1
1
0
11
4
2
6
2
0
7
0
0
0
8
0
1
4
4
2
6
1
1
5
0
2
2
2
0
6
4
3
3
1
0
0
12
0
0
0
1
4
1
2
5
1
3
0
6
0
8
0
4
0
3
2
4
1
0
0
15
0
2
4
4
1
5
0
4
1
3
0
7
0
0
2
3
0
0
4
0
1
6
0
6
1
5
2
3
1
0
4
0
3
0
8
2
3
1
0
1
2
0
0
0
1
0
0
1
1
0
27
0
0
0
0
0
1
1
2
6
0
2
2
2
2
7
3
0
5
2
0
1
2
0
6
0
2
0
3
1
1
6
5
0
15
0
0
1
4
6
2
0
0
5
1
1
1
3
0
2
0
4
1
4
3
0
0
0
6
0
0
2
1
3
6
0
5
2
1
0
0
9
0
3
8
1
0
2
3
2
6
1
2
3
1
2
0
3
0
0
0
13
0
0
0
1
5
3
1
1
5
2
3
0
2
4
0
0
4
2
0
5
0
0
2
5
0
3
1
4
0
6
1
2
0
0
10
0
0
0
3
1
1
2
2
0
2
0
0
3
0
1
1
0
9
0
0
1
2
3
1
2
2
1
2
1
9
0
1
0
7
1
1
0
5
0
0
7
0
3
0
3
0
2
0
6
0
5
3
0
1
0
3
0
2
8
0
5
1
1
3
1
1
1
2
0
0
0
0
0
0
1
0
0
0
20
0
0
0
0
1
2
0
1
1
3
1
2
3
4
4
3
3
3
0
5
3
0
2
2
0
3
2
0
2
0
4
0
2
2
3
2
4
0
0
1
1
2
0
3
0
1
0
2
0
1
2
0
3
0
0
3
3
1
0
5
0
2
0
2
0
1
0
7
0
1
0
3
2
3
0
2
0
4
0
0
0
1
1
1
1
3
1
1
1
1
1
0
11
0
0
0
1
2
1
4
0
2
2
1
4
0
1
2
0
0
6
0
4
0
0
1
2
1
0
0
0
5
0
2
2
1
0
5
1
0
2
3
4
0
3
3
0
3
2
1
0
1
0
0
0
15
0
1
0
0
0
0
0
0
1
1
2
0
1
1
2
1
0
1
2
0
0
0
1
8
2
0
2
2
0
2
0
0
0
6
1
0
1
0
0
0
1
0
3
0
1
7
2
1
2
5
0
0
1
2
1
0
0
4
0
0
0
0
0
2
1
1
0
2
3
0
6
2
4
0
1
1
1
0
1
1
2
0
4
2
1
2
1
1
0
5
0
1
1
2
1
3
3
0
0
0
1
0
0
0
2
1
0
1
0
5
1
0
3
0
3
1
4
0
3
1
0
0
5
0
0
1
0
2
1
2
0
0
1
0
1
0
3
1
0
3
0
0
2
0
0
1
0
0
2
1
1
0
0
0
3
0
0
1
2
2
0
0
0
0
1
1
3
1
0
0
1
5
0
2
0
0
4
0
0
0
1
1
0
0
0
1
2
1
0
0
1
0
0
0
14
1
0
0
0
0
0
0
0
0
3
0
0
0
0
1
1
2
1
0
1
1
3
2
1
0
1
0
0
5
2
2
1
0
2
0
1
3
0
1
1
1
0
1
0
3
2
2
0
1
0
0
1
0
0
0
3
2
0
1
1
0
0
1
0
0
2
0
1
0
0
0
0
1
2
1
0
1
0
1
3
1
0
1
0
0
1
1
2
0
0
2
1
0
2
0
1
5
0
0
1
0
0
1
0
1
0
4
1
0
0
0
2
1
3
0
1
0
2
2
1
1
0
0
4
0
1
1
1
2
3
2
0
1
1
0
0
2
2
1
1
0
1
0
1
0
1
2
1
1
1
0
1
1
1
0
1
0
1
1
1
0
1
0
2
1
1
1
0
0
0
4
1
2
1
1
1
0
2
1
4
0
1
0
1
0
0
1
1
0
0
0
1
0
1
1
2
1
1
0
1
1
0
1
0
2
2
2
1
0
4
0
0
1
0
2
1
2
2
0
0
0
0
2
2
0
2
1
0
0
0
0
0
1
0
3
1
2
0
0
1
4
0
0
3
0
1
0
0
0
0
1
0
0
1
1
1
0
0
0
1
4
1
1
1
0
1
0
0
0
0
0
0
7
0
1
0
0
1
0
0
1
0
0
2
0
1
1
1
1
2
1
1
0
2
0
3
1
1
1
2
2
1
1
1
1
2
1
0
1
0
1
0
0
1
2
2
2
2
0
1
1
1
0
1
0
0
2
1
1
0
1
1
2
1
0
3
1
2
1
0
5
0
1
1
3
0
1
0
3
1
0
3
1
0
1
0
1
2
0
0
2
0
0
1
0
2
2
0
1
0
2
0
2
0
0
2
1
0
0
1
1
1
0
3
2
4
1
1
0
3
1
1
2
2
2
0
1
1
0
0
4
0
1
0
0
1
0
2
3
0
1
2
2
1
0
1
1
3
1
0
2
0
1
2
0
0
0
1
1
0
0
0
0
0
0
1
1
2
1
1
0
1
1
2
1
0
0
0
1
1
0
0
1
0
4
1
2
2
2
0
3
3
3
3
1
3
2
0
1
2
1
0
1
1
3
1
0
2
0
1
0
1
1
0
1
0
0
0
0
1
1
2
1
2
0
2
0
1
2
1
1
2
0
1
3
1
2
0
0
0
1
2
1
1
2
2
2
0
1
5
1
0
1
0
2
0
0
2
0
0
0
0
1
0
2
0
2
4
0
2
3
1
1
1
1
3
1
2
0
3
1
1
0
1
1
1
1
1
0
0
0
2
2
0
2
0
2
1
0
0
2
0
0
4
1
5
0
2
0
0
0
1
0
0
1
2
0
6
2
1
1
2
0
3
3
1
2
0
1
0
2
0
1
4
1
0
0
0
1
0
1
5
4
1
2
3
0
1
1
0
0
2
1
1
2
0
0
0
3
4
1
1
1
1
2
1
1
2
2
1
1
3
0
0
2
0
3
3
3
2
0
0
1
2
0
4
2
0
3
1
1
3
0
3
3
0
0
0
0
1
1
1
0
0
0
1
1
0
1
0
1
0
12
0
2
0
3
3
1
1
1
0
1
1
1
3
0
1
3
1
1
2
4
2
3
3
1
2
1
1
3
1
7
2
4
2
5
5
1
0
0
2
1
2
0
3
2
1
3
5
2
0
0
2
1
2
0
2
2
1
3
2
0
4
1
0
3
1
3
1
3
1
2
1
2
1
3
0
2
2
2
3
1
2
1
2
4
4
3
4
2
5
2
2
2
3
3
3
3
2
1
3
5
3
4
1
1
3
1
2
1
2
2
1
5
1
2
6
2
2
1
2
1
5
1
4
2
3
3
3
3
3
5
0
3
3
2
3
3
3
1
1
3
2
2
0
2
1
3
1
3
3
6
1
3
2
5
2
1
2
4
2
4
2
1
2
1
5
0
3
1
0
1
2
6
2
5
1
1
3
3
6
1
4
2
2
3
1
8
3
3
2
3
3
6
1
4
2
3
2
3
3
3
1
3
5
7
1
6
2
1
4
4
2
2
7
4
5
3
4
4
3
1
5
3
2
4
1
3
4
9
4
3
0
2
1
5
3
4
5
4
3
3
2
2
8
3
3
7
3
4
7
3
3
5
4
1
2
14
3
5
7
8
3
5
4
4
3
6
4
6
4
5
5
7
8
4
5
3
5
2
4
3
7
9
4
4
3
5
5
3
6
3
7
2
2
5
6
2
8
8
3
6
1
4
9
7
9
4
4
4
8
4
5
3
4
8
5
3
6
6
3
5
5
9
6
3
5
5
8
8
6
7
7
5
6
5
6
8
3
8
4
9
4
6
10
9
9
5
9
3
6
7
8
8
11
3
10
3
7
6
10
14
13
8
4
4
10
14
11
7
11
5
9
10
10
8
9
8
5
18
7
5
12
14
9
11
4
13
9
11
7
10
15
8
10
15
7
11
11
10
8
12
12
14
13
14
14
19
11
8
15
19
19
19
13
11
18
14
15
11
11
7
13
6
13
12
8
14
14
9
12
14
9
18
15
13
19
15
18
17
11
17
12
15
20
19
22
15
20
10
13
19
17
14
11
12
19
19
17
12
15
13
24
14
19
13
12
14
16
20
15
18
20
16
20
15
15
27
20
19
24
15
19
23
24
18
21
26
17
12
25
32
24
30
23
21
17
32
19
19
28
23
24
26
22
24
28
35
32
19
27
28
24
37
35
27
31
25
22
25
29
33
30
27
32
25
17
30
29
35
19
36
28
34
29
32
26
33
33
39
29
28
39
31
36
34
30
40
24
29
32
33
29
36
42
34
36
26
35
43
44
42
32
34
30
35
41
30
26
49
33
40
33
35
39
45
41
38
27
34
36
49
49
36
31
47
32
45
52
46
53
41
32
52
43
33
47
50
43
50
68
48
55
46
49
53
53
59
49
44
58
54
58
62
41
51
58
67
44
48
62
55
53
54
56
60
55
60
59
52
56
58
64
57
71
67
53
63
57
63
77
83
58
62
66
55
65
69
62
54
53
57
68
54
67
56
81
82
70
75
64
67
61
62
71
73
69
71
67
63
71
68
61
80
81
73
68
82
68
90
84
72
64
96
68
63
98
88
81
80
84
102
90
70
79
103
93
76
73
74
75
79
88
95
92
97
97
104
91
86
72
75
88
71
101
93
98
93
98
97
82
108
112
86
104
92
106
110
107
84
97
95
109
93
98
108
106
103
97
90
99
92
109
106
94
97
92
117
103
113
107
111
102
116
87
97
101
100
108
104
113
103
96
107
99
94
126
96
116
113
120
119
118
145
99
108
117
109
115
93
113
103
119
129
108
122
111
96
87
106
101
98
119
87
91
96
103
110
93
96
88
107
89
121
117
91
102
96
106
112
101
88
108
87
85
113
88
113
79
92
81
106
82
112
77
86
81
98
92
75
89
94
84
103
85
95
96
88
104
89
100
99
76
101
79
84
89
81
81
80
79
77
83
80
68
78
74
70
94
83
80
78
82
64
61
79
62
68
78
73
81
76
74
75
65
64
60
81
78
71
72
67
68
70
84
76
67
59
59
63
57
61
61
73
67
56
46
62
55
47
72
55
48
64
55
51
60
52
50
64
64
48
55
48
62
59
56
57
52
53
47
45
53
48
62
51
46
53
52
42
45
49
54
54
46
56
45
45
30
43
56
41
43
39
45
49
40
36
44
32
35
42
43
40
41
30
39
40
29
40
49
54
30
32
42
39
46
36
41
32
39
34
38
38
28
44
33
33
32
29
28
33
23
27
30
23
24
19
37
18
26
30
25
35
23
23
23
22
33
33
30
33
32
29
23
21
24
32
29
35
22
24
17
21
29
29
22
17
25
29
17
31
15
21
11
36
18
26
23
29
25
16
21
33
22
24
22
28
20
29
30
22
16
21
30
23
14
22
18
22
16
20
20
21
21
27
19
25
29
20
15
22
21
24
20
13
22
25
22
20
30
15
18
17
15
16
18
21
20
23
17
21
14
19
15
10
27
25
19
17
11
15
12
21
13
18
12
24
14
22
25
15
14
22
19
15
17
22
20
13
23
18
25
15
17
21
17
16
13
17
19
24
27
19
20
24
25
14
12
31
20
17
14
14
29
21
16
19
25
20
11
16
24
23
14
16
20
17
29
15
18
20
24
25
22
19
19
17
27
26
24
21
29
24
34
25
26
33
18
27
31
20
36
31
35
39
26
20
34
26
37
39
34
40
32
40
29
36
33
37
44
41
42
54
58
57
58
53
61
53
47
47
43
57
67
61
60
59
69
57
63
75
68
57
69
82
72
67
72
60
72
78
75
87
78
93
83
77
71
86
76
82
60
80
99
60
89
86
88
75
94
82
63
82
80
74
76
81
92
81
69
65
76
87
64
78
60
63
72
64
60
61
78
46
60
57
80
58
63
54
48
53
46
54
30
42
40
34
50
43
43
46
27
34
40
33
32
27
20
25
33
28
24
27
23
26
27
23
13
15
17
18
18
17
16
15
14
10
8
12
4
12
14
11
12
9
8
7
7
5
9
5
5
5
7
5
8
5
2
4
6
5
7
3
4
6
3
1
5
6
3
5
6
3
1
2
2
3
4
2
1
3
2
1
5
6
2
3
3
2
6
3
3
2
4
3
2
2
1
1
4
2
2
0
1
1
4
2
4
0
2
1
1
0
1
1
1
2
3
5
1
3
3
1
0
1
1
1
0
3
0
1
0
2
1
2
2
1
2
2
2
0
1
1
1
0
2
0
0
1
0
0
1
1
0
0
0
2
1
0
1
0
0
0
1
0
0
0
1
4
2
1
0
0
1
0
0
0
2
2
1
1
1
2
1
0
2
0
0
0
0
0
0
0
0
0
0
1
0
0
0
0
0
0
0
1
1
0
0
0
0
0
0
0
2
0
0
0
0
0
0
0
0
0
0
0
0
0
0
0
0
0
1
0
0
0
0
0
2
0
0
0
0
0
0
0
0
0
1
0
0
0
0
0
0
0
1
0
0
0
0
0
0
1
0
0
0
1
0
0
0
1
0
0
0
0
0
0
0
0
0
0
0
0
0
0
0
0
0
0
0
0
0
0
0
0
0
0
0
0
0
0
0
0
0
0
0
0
0
0
0
0
0
0
0
0
0
0
0
0
0
0
0
0
0
0
0
1
0
0
0
0
0
1
0
0
0
0
0
0
0
0
0
0
1
0
1
0
0
0
0
0
0
0
0
0
0
1
0
0
0
0
0
0
0
0
0
0
0
0
0
0
0
0
0
0
0
0
0
0
0
0
0
0
0
0
0
0
0
0
0
0
0
0
0
0
0
0
0
0
0
0
0
0
0
0
0
0
0
0
0
0
0
1
0
0
0
0
0
0
0
0
0
0
0
0
0
0
0
0
0
0
0
1
0
0
0
0
0
0
0
0
0
0
0
0
0
0
0
0
0
0
0
0
0
0
0
0
0
0
0
0
0
2
0
0
0
0
0
0
0
0
0
0
0
0
0
0
0
0
0
0
0
0
0
0
0
0
0
0
0
0
0
0
0
0
0
0
0
0
0
0
0
0
0
0
0
0
0
0
0
0
0
0
0
0
1
0
0
0
0
0
0
0
1
0
0
0
0
0
0
0
0
0
0
0
0
0
0
0
0
0
0
0
0
0
0
0
0
0
0
0
0
0
0
0
0
0
0
0
0
0
0
0
0
0
0
0
0
0
0
0
0
0
0
0
0
0
0
0
0
0
0
0
0
0
0
0
0
0
0
0
0
0
0
0
0
1
0
0
0
0
0
0
0
0
0
0
0
0
0
0
0
0
0
0
0
0
0
0
0
0
0
0
0
0
0
0
0
0
0
0
0
0
0
0
0
0
0
0
0
0
0
0
0
0
0
0
0
0
1
0
0
0
0
1
0
0
0
0
0
0
0
0
0
0
0
0
0
0
0
0
0
0
0
0
0
0
0
0
0
0
0
0
0
0
0
0
0
0
0
0
0
0
0
0
0
0
0
0
0
0
0
0
0
0
0
0
0
0
0
0
0
0
0
0
0
0
0
0
0
0
0
0
0
0
0
0
0
0
0
0
0
0
0
0
0
0
0
0
0
0
0
0
0
0
0
0
0
0
0
0
0
0
0
0
0
0
0
0
0
0
0
0
0
0
0
0
0
0
0
0
0
0
0
0
0
0
0
