1
6
8
56
174
512
1591
3438
5125
6590
7235
7902
8105
8105
7908
7561
7424
7202
7025
6831
6423
6231
5959
5999
5718
5534
5532
5425
5176
5161
5012
5030
4880
4773
4763
4771
4599
4591
4591
4336
4316
4327
4145
4110
4139
4017
3924
3701
3729
3462
3472
3352
3216
3140
3014
3041
2793
2848
2732
2604
2639
2601
2514
2543
2388
2356
2560
2385
2353
2356
2285
2237
2146
2044
2062
1990
1939
1820
1847
1802
1765
1731
1617
1570
1617
1532
1532
1625
1521
1479
1459
1462
1501
1376
1431
1444
1380
1342
1285
1320
1341
1266
1211
1283
1208
1317
1254
1281
1271
1253
1219
1198
1185
1201
1147
1190
1193
1124
1114
1108
1156
1128
1085
1096
1134
1124
1096
1044
1108
1068
1120
1098
1075
1093
1056
1014
1079
1040
1029
1021
1018
992
1025
979
916
945
956
877
937
876
860
924
897
890
885
900
867
827
816
859
794
820
833
838
783
776
755
781
768
789
811
817
798
751
726
740
719
749
761
746
715
703
715
716
722
700
698
732
716
666
710
687
698
687
630
679
739
594
648
610
642
687
679
614
649
618
616
638
592
588
609
633
601
624
625
580
603
640
581
601
668
578
604
602
608
537
579
538
544
574
555
561
532
567
592
534
548
534
571
520
554
527
557
478
549
484
529
535
494
490
480
482
488
482
473
459
481
486
456
461
456
418
384
470
412
416
427
485
437
447
420
421
427
411
445
443
404
420
400
409
422
394
427
415
395
392
376
400
414
402
388
354
423
371
389
390
404
412
387
372
345
330
360
369
418
338
348
315
366
385
361
381
368
363
322
357
349
343
324
356
379
358
321
331
302
318
322
292
345
321
311
317
275
318
326
336
317
325
290
325
302
303
291
297
316
338
274
294
305
277
305
287
311
293
252
303
295
333
284
259
311
271
271
269
269
279
228
281
296
279
280
301
263
268
257
273
269
282
253
265
266
245
251
246
261
266
259
254
267
270
241
283
238
242
257
237
229
249
237
223
242
238
238
242
235
256
218
225
245
236
218
259
204
231
195
194
226
197
202
197
211
212
212
239
227
209
200
238
201
188
227
228
243
202
207
203
212
201
196
197
176
211
213
214
214
179
197
185
184
203
199
179
192
196
177
217
165
180
161
188
204
189
210
208
190
194
180
168
155
183
179
182
170
170
172
150
167
153
170
159
139
185
158
172
156
184
163
155
182
160
150
148
151
183
145
164
169
140
154
158
171
166
153
130
137
171
142
154
151
141
167
170
126
145
137
141
149
142
161
141
143
117
147
131
142
153
142
138
147
154
130
144
159
142
146
161
138
145
115
135
118
141
143
157
142
138
128
135
128
145
126
122
139
119
135
149
121
119
113
115
115
138
125
138
141
122
124
134
118
121
130
128
110
140
127
125
118
133
158
129
135
125
128
114
124
122
126
131
110
116
121
119
125
117
130
134
126
134
129
114
144
116
121
133
132
137
130
126
118
142
120
137
120
133
116
110
149
118
127
128
117
121
112
140
100
106
128
129
112
109
124
108
117
108
108
125
110
84
110
110
116
110
120
122
115
92
130
120
118
98
104
106
96
118
95
125
110
124
94
90
109
103
108
116
107
108
107
120
115
112
84
99
102
99
79
120
118
105
120
112
123
117
105
112
103
114
87
86
107
90
105
98
90
117
108
99
93
106
94
88
119
99
91
112
103
114
105
95
99
118
113
122
118
134
112
105
117
110
128
129
97
113
108
102
118
128
104
115
128
111
133
105
84
115
110
110
100
114
96
93
115
102
92
97
107
100
97
99
100
94
93
86
106
94
75
87
105
81
84
107
79
88
83
86
97
87
103
81
82
93
102
87
88
82
87
66
104
88
82
87
75
78
108
82
86
95
99
77
82
87
83
100
93
90
90
96
83
76
80
83
97
73
95
106
93
91
68
84
95
93
80
91
110
97
83
65
112
69
72
83
71
68
62
71
78
75
49
54
59
60
59
49
52
33
54
38
38
51
30
46
31
37
37
30
33
34
31
37
26
31
27
33
27
31
31
30
19
23
26
17
25
25
22
24
31
27
19
19
19
26
19
17
20
21
20
19
23
26
15
19
22
17
11
22
18
14
17
11
17
19
19
12
17
8
22
17
13
14
14
24
15
14
13
10
17
16
16
11
10
12
18
15
18
11
13
14
11
17
13
17
11
14
8
17
8
11
13
6
7
15
9
10
4
13
8
7
9
8
9
17
11
10
9
8
8
16
10
13
8
9
15
9
9
10
7
13
7
10
14
8
3
11
9
12
9
11
6
23
6
9
6
13
17
7
8
8
6
5
6
8
8
3
10
8
2
10
14
8
8
2
6
9
5
5
9
4
8
8
2
3
0
8
11
8
8
7
7
6
5
3
5
4
0
2
4
2
10
4
3
6
1
6
7
6
8
2
6
3
2
4
6
1
3
0
3
6
4
1
9
3
5
2
3
1
3
7
6
6
0
4
3
4
6
2
2
2
2
4
1
2
3
5
0
4
0
3
3
1
5
1
2
1
0
4
1
1
2
3
2
2
1
3
1
0
0
1
0
1
1
6
1
1
1
0
3
4
2
1
4
2
3
1
0
3
2
0
0
0
2
4
3
1
2
1
0
1
1
2
0
3
2
0
1
2
3
0
1
1
0
0
2
0
1
4
2
1
0
0
2
2
0
2
0
1
1
2
2
0
2
2
2
1
2
0
1
0
3
0
0
1
2
0
0
0
1
1
1
2
2
1
1
1
2
3
1
2
0
2
0
1
0
2
2
2
2
0
0
3
1
0
1
1
1
2
1
0
0
0
1
1
1
1
0
0
2
1
0
1
1
0
2
2
2
0
0
0
2
0
1
0
1
1
1
0
0
2
1
1
0
0
0
1
0
1
0
1
0
1
0
1
2
0
1
0
1
0
2
0
0
2
0
0
1
0
1
1
1
0
1
0
1
0
0
0
1
0
0
1
1
1
1
1
0
0
2
1
1
0
1
1
0
0
1
1
1
0
0
1
1
0
0
1
0
1
1
1
0
1
0
0
0
0
0
0
0
0
0
0
2
0
0
1
0
0
1
1
1
0
1
0
0
0
0
0
1
0
1
0
0
0
2
0
0
0
0
1
0
1
0
1
0
0
0
1
1
0
0
0
0
1
1
1
1
0
0
0
0
0
1
0
1
0
1
3
1
0
0
0
1
0
0
0
0
0
1
0
0
0
0
0
1
0
0
0
0
0
0
0
0
0
0
0
0
0
0
0
0
0
0
0
0
1
1
0
1
1
1
1
0
0
0
0
0
0
1
1
1
0
1
0
0
0
1
1
0
1
0
1
0
0
0
1
0
0
1
0
1
0
1
0
1
0
0
1
0
0
0
1
0
0
0
0
0
0
1
0
0
0
0
0
0
0
1
1
0
0
1
0
1
0
2
1
0
0
1
1
0
0
0
0
0
0
0
2
0
0
0
0
0
2
0
0
0
0
0
0
0
0
0
0
0
0
0
0
0
0
0
0
1
0
0
0
1
0
0
0
0
0
0
0
0
0
1
0
0
1
0
0
0
0
0
0
0
0
0
0
0
0
0
0
2
0
0
0
0
0
0
0
0
0
0
0
0
0
0
0
0
0
0
0
0
0
0
0
0
0
0
0
0
0
0
0
0
0
0
0
0
0
0
0
0
0
1
1
0
0
0
0
0
0
0
0
0
0
0
0
0
0
0
0
0
0
0
0
0
0
0
0
0
0
0
0
0
0
0
0
0
0
0
0
0
0
0
0
0
1
0
0
0
0
0
0
0
0
0
0
0
0
0
0
0
0
0
1
0
0
0
0
1
0
0
0
0
0
0
0
0
0
0
0
0
0
0
0
0
0
0
0
0
0
0
0
0
0
0
0
0
0
0
0
0
0
0
0
0
0
0
0
0
0
0
0
1
0
0
0
0
0
0
0
1
0
0
0
0
0
0
0
0
0
0
0
0
0
0
0
0
0
0
0
0
0
0
0
0
1
0
0
0
0
0
0
0
0
0
0
0
0
0
0
0
0
0
0
0
0
0
0
0
0
0
1
0
0
0
0
0
0
0
0
0
0
0
0
0
0
0
0
0
0
0
0
0
0
0
0
0
0
0
0
0
0
0
1
0
0
0
0
0
0
0
0
0
0
0
0
0
0
0
0
0
0
0
0
0
0
0
0
0
0
0
0
0
0
0
0
0
0
0
0
0
0
1
0
0
0
0
0
0
0
0
0
0
0
0
0
0
0
0
0
0
0
0
0
0
0
0
0
0
0
0
0
0
1
0
0
0
0
0
0
0
0
0
0
0
0
0
0
0
0
0
0
0
0
0
0
0
0
0
0
0
0
0
0
0
0
0
0
0
0
0
1
0
0
0
0
0
0
0
0
0
0
0
0
0
0
0
0
0
0
0
0
0
0
0
0
0
0
0
0
0
0
0
0
0
0
0
0
0
0
0
0
0
0
0
0
0
0
0
0
0
0
0
0
0
0
0
0
0
0
0
1
0
0
0
0
0
0
0
0
0
0
0
0
0
0
0
0
0
0
0
0
0
0
0
0
0
0
0
0
0
0
0
0
0
0
0
0
0
0
0
0
0
0
0
0
0
0
0
0
0
0
0
0
0
0
0
0
0
0
0
0
0
0
0
0
0
0
0
0
0
0
0
1
0
0
0
0
0
0
0
0
0
0
0
0
0
0
0
0
0
0
0
0
0
0
0
0
0
0
0
0
0
0
0
0
0
0
0
0
0
0
0
0
0
0
0
0
0
0
0
0
0
0
0
0
0
0
0
0
0
0
0
0
0
0
0
0
0
0
0
0
0
0
0
0
0
0
0
0
0
0
0
0
0
0
0
0
0
0
0
0
0
0
0
0
0
0
0
0
0
0
0
0
0
0
0
0
0
0
0
0
0
0
0
0
0
0
0
0
0
0
0
0
0
0
0
0
0
0
0
0
0
0
0
0
0
0
0
0
0
0
0
0
0
0
0
0
0
0
0
0
0
0
0
0
0
0
0
0
0
0
0
0
0
0
0
0
0
0
0
0
0
0
0
0
0
0
0
0
0
0
0
0
0
0
0
0
0
0
0
0
0
0
0
0
0
0
0
0
0
0
0
0
0
0
0
0
0
0
0
0
0
0
0
0
0
0
0
0
0
0
0
0
0
0
0
0
0
0
0
0
0
0
0
0
0
0
0
0
0
0
0
0
0
0
0
0
0
0
0
0
0
0
0
0
0
0
0
0
0
0
0
0
0
0
0
0
0
0
0
0
0
0
0
0
0
0
0
0
0
0
0
0
0
0
0
0
0
0
0
0
0
0
0
0
0
0
0
0
0
0
0
0
0
0
0
0
0
0
0
0
0
0
0
0
0
0
0
0
0
0
0
0
0
0
0
0
0
0
0
0
0
0
0
0
0
0
0
0
0
0
0
0
0
0
0
0
0
0
0
0
0
0
0
0
0
0
0
0
0
0
0
0
0
0
0
0
0
0
0
0
0
0
0
0
0
0
0
0
0
0
0
0
0
0
0
0
0
0
0
0
0
0
0
0
0
0
0
0
0
0
0
0
0
0
0
0
0
0
0
0
0
0
0
0
0
0
0
0
0
0
0
0
0
0
0
0
0
0
0
0
0
0
0
0
0
0
0
0
0
0
0
0
0
0
0
0
0
0
0
0
0
0
0
0
0
0
0
0
0
0
0
0
0
0
0
0
0
0
0
0
0
1
0
0
0
0
0
0
0
0
0
0
0
0
0
0
0
0
0
0
0
0
0
0
0
0
0
0
0
0
0
0
0
0
0
0
0
0
0
0
0
0
0
0
0
0
0
0
0
0
0
0
0
0
0
0
0
0
0
0
0
0
0
0
0
0
0
0
0
0
0
0
0
0
0
0
0
0
0
0
0
0
0
0
0
0
0
0
0
0
0
0
0
0
0
0
0
0
0
0
0
0
0
0
0
0
0
0
0
0
0
0
0
0
0
0
0
0
0
0
0
0
0
0
0
0
0
0
0
0
0
0
0
0
0
0
0
0
0
0
0
0
0
0
0
0
0
0
0
0
0
0
0
0
0
0
0
0
0
0
0
0
0
0
0
0
0
0
0
0
0
0
0
0
0
0
0
0
0
0
0
0
0
0
0
0
0
0
0
0
0
0
0
0
0
0
0
0
0
0
0
0
0
0
0
0
0
0
0
0
0
0
0
0
0
0
0
0
0
0
0
0
0
0
0
0
0
0
0
0
0
0
0
0
0
0
0
0
0
0
0
0
0
0
0
0
0
0
0
0
0
0
0
0
0
0
0
0
0
0
0
0
0
0
0
0
0
0
0
0
0
0
0
0
0
0
0
0
0
0
0
0
0
0
0
0
0
0
0
0
0
0
0
0
0
0
0
0
0
0
0
0
0
0
0
0
0
0
0
0
0
0
0
0
0
0
0
0
0
0
0
0
0
0
0
0
0
0
0
0
0
0
0
0
0
0
0
0
0
0
0
0
0
0
0
0
0
0
0
0
0
0
0
0
0
0
0
0
0
0
0
0
0
0
0
0
0
0
0
0
0
0
0
0
0
0
0
0
0
0
0
0
0
0
0
0
0
0
0
0
0
0
0
0
0
0
0
0
0
0
0
0
0
0
0
0
0
0
0
0
0
0
0
0
0
0
0
0
0
0
0
0
0
0
0
0
0
0
0
0
0
0
0
0
0
0
0
0
0
0
0
0
0
0
0
0
0
0
0
0
0
0
0
0
0
0
0
0
0
0
0
0
0
0
0
0
0
0
0
0
0
0
0
0
0
0
0
0
0
0
0
0
0
0
0
0
0
0
0
0
0
0
0
0
0
0
0
0
0
0
0
0
0
0
0
0
0
0
0
0
0
0
0
0
0
0
0
0
0
0
0
0
0
0
0
0
0
0
0
0
0
0
0
0
0
0
0
0
0
0
0
0
0
0
0
0
0
0
0
0
0
0
0
0
0
0
0
0
0
0
0
0
0
0
0
0
0
0
0
0
0
0
0
0
0
0
0
0
0
0
0
0
0
0
0
0
0
0
0
0
0
0
0
0
0
0
0
0
0
0
0
0
0
0
0
0
0
0
0
0
0
0
0
0
0
0
0
0
0
0
0
0
0
0
0
0
0
0
0
0
0
0
0
0
0
0
0
0
0
0
0
0
0
0
0
0
0
0
0
0
0
0
0
0
0
0
0
0
0
0
0
0
0
0
0
0
0
0
0
0
0
0
0
0
0
0
0
0
0
0
0
0
0
0
0
0
0
0
0
0
0
0
0
0
0
0
0
0
0
0
0
0
0
0
0
0
0
0
0
0
0
0
0
0
0
0
0
0
0
0
0
0
0
0
0
0
0
0
0
0
0
0
0
0
0
0
0
0
0
0
0
0
0
0
0
0
0
0
0
0
0
0
0
0
0
0
0
0
0
0
0
0
0
0
0
0
0
0
0
0
0
0
0
0
0
0
0
0
0
0
0
0
0
0
0
0
0
0
0
0
0
0
0
0
0
0
0
0
0
0
0
0
0
0
0
0
0
0
0
0
0
0
0
0
0
0
0
0
0
0
0
0
0
0
0
0
0
0
0
0
0
0
0
0
0
0
0
0
0
0
0
0
0
0
0
0
0
0
0
0
0
0
0
0
0
0
0
0
0
0
0
0
0
0
0
0
0
0
0
0
0
0
0
0
0
0
0
0
0
0
0
0
0
0
0
0
0
0
0
0
0
0
0
0
0
0
0
0
0
0
0
0
0
0
0
0
0
0
0
0
0
0
0
0
0
0
0
0
0
0
0
0
0
0
0
0
0
0
0
0
0
0
0
0
0
0
0
0
0
0
0
0
0
0
0
0
0
0
0
0
0
0
0
0
0
0
0
0
0
0
0
0
0
0
0
0
0
0
0
0
0
0
0
0
0
0
0
0
0
0
0
0
0
0
0
0
0
0
0
0
0
0
0
0
0
0
0
0
0
0
0
0
0
0
0
0
0
0
0
0
0
0
0
0
0
0
0
0
0
0
0
0
0
0
0
0
0
0
0
0
0
0
0
0
0
0
0
0
0
0
0
0
0
0
0
0
0
0
0
0
0
0
0
0
0
0
0
0
0
0
0
0
0
0
0
0
0
0
0
0
0
0
0
0
0
0
0
0
0
0
0
0
0
0
0
0
0
0
0
0
0
0
0
0
0
0
0
0
0
0
0
0
0
0
0
0
0
0
0
0
0
0
0
0
0
0
0
0
0
0
0
0
0
0
0
0
0
0
0
0
0
0
0
0
0
0
0
0
0
0
0
0
0
0
0
0
0
0
0
0
0
0
0
0
0
0
0
0
0
0
0
0
0
0
0
0
0
0
0
0
0
0
0
0
0
0
0
0
0
0
0
0
0
0
0
0
0
0
0
0
0
0
0
0
0
0
0
0
0
0
0
0
0
0
0
0
0
0
0
0
0
0
0
0
0
0
0
0
0
0
0
0
0
0
0
0
0
0
0
0
0
0
0
0
0
0
0
0
0
0
0
0
0
0
0
0
0
0
0
0
0
0
0
0
0
0
0
0
0
0
0
0
0
0
0
0
0
0
0
0
0
0
0
0
0
0
0
0
0
0
0
0
0
0
0
0
0
0
0
0
0
0
0
0
0
0
0
0
0
0
0
0
0
0
0
0
0
0
0
0
0
0
0
0
0
0
0
0
0
0
0
0
0
0
0
0
0
0
0
0
0
0
0
0
0
0
0
0
0
0
0
0
0
0
0
0
0
0
0
0
0
0
0
0
0
0
0
0
0
0
0
0
0
0
0
0
0
0
0
0
0
0
0
0
0
0
0
0
0
0
0
0
0
0
0
0
0
0
0
0
0
0
0
0
0
0
0
0
0
0
0
0
0
0
0
0
0
0
0
0
0
0
0
0
0
0
0
0
0
0
0
0
0
0
0
0
0
0
0
0
0
0
0
0
0
0
0
0
0
0
0
0
0
0
0
0
0
0
0
0
0
0
0
0
0
0
0
0
0
0
0
0
0
0
0
0
0
0
0
0
0
0
0
0
0
0
0
0
0
0
0
0
0
0
0
0
0
0
0
0
0
0
0
0
0
0
0
0
0
0
0
0
0
0
0
0
0
0
0
0
0
0
0
0
0
0
0
0
0
0
0
0
0
0
0
0
0
0
0
0
0
0
0
0
0
0
0
0
0
0
0
0
0
0
0
0
0
0
0
0
0
0
0
0
0
0
0
0
0
0
0
0
0
0
0
0
0
0
0
0
0
0
0
0
0
0
0
0
0
0
0
0
0
0
0
0
0
0
0
0
0
0
0
0
0
0
0
0
0
0
0
0
0
