1066
0
0
0
0
0
0
0
1
0
0
5
5
1
1
5
5
3
2
4
7
4
6
8
10
7
7
18
11
15
9
15
12
18
12
24
19
28
22
27
36
14
27
37
30
34
24
36
37
44
22
46
32
69
32
36
70
35
30
53
52
34
53
43
56
34
50
50
42
44
55
57
22
63
49
59
19
33
61
22
45
76
37
43
25
49
36
57
35
61
35
68
46
55
45
37
49
56
52
63
17
66
38
50
28
84
61
61
40
71
70
36
71
83
27
93
20
105
79
55
92
41
98
20
96
48
99
22
99
70
113
29
122
70
81
87
109
44
137
62
61
133
100
91
115
41
150
79
146
105
63
175
50
120
101
93
91
166
80
117
137
135
95
172
44
113
132
131
191
100
188
62
144
148
128
160
187
57
250
126
212
111
216
168
218
69
315
166
157
200
168
141
267
196
67
395
219
186
247
243
183
248
273
196
378
104
247
278
310
135
372
284
311
305
209
439
183
353
339
339
312
385
379
323
401
428
262
579
335
409
468
454
459
309
557
507
509
470
585
449
859
264
568
584
607
615
625
548
663
628
650
636
800
729
707
343
1326
747
900
806
980
887
930
949
1089
1133
873
1177
1084
1121
1166
1070
733
1807
1182
1308
1382
1409
1427
1457
1528
1519
1666
1609
1786
1724
1867
1722
2078
2109
1892
2012
2534
2090
2301
2395
2612
2671
2611
2672
2691
2829
2714
2888
2859
3003
2960
3172
2921
3090
3100
3095
3232
2925
2337
3780
3003
2875
2835
2718
2860
2674
2572
2558
2399
2446
2292
2306
2058
2096
2056
1660
1927
1839
1706
1731
1618
1756
1647
1486
1158
2112
1204
1384
1410
1365
1341
1268
1329
1241
1027
1278
1166
1278
1103
921
1411
1081
1077
1056
1091
1082
1158
825
1237
919
1017
992
947
1138
861
567
1667
751
936
857
991
835
968
802
797
1050
877
603
976
853
809
841
812
539
1054
748
808
786
724
682
747
752
759
692
761
824
858
834
760
882
801
800
631
1684
626
909
988
1105
1145
1099
1159
1221
1162
1222
1422
1491
1477
1601
1414
1682
1506
1694
1706
1767
1505
2134
1895
1890
1984
1840
1935
1907
2147
1809
2075
2061
2198
1944
2101
2120
2100
2017
2251
2198
2225
2163
2032
2019
1651
3029
1944
2043
2127
2175
2085
2142
2113
2092
2100
2049
2155
1961
2097
2039
2112
1978
2082
2007
2080
1934
2008
1971
1943
1837
1940
2197
1537
1813
1812
1956
1755
1790
1692
1781
1732
1862
1622
1695
1619
1640
1645
1603
1557
1593
1542
1468
1391
1515
1604
1412
1424
1418
1457
1253
1147
611
2485
1134
1257
1318
1334
1266
1227
1152
1199
1140
1137
1101
1047
1177
1074
1027
1114
976
1163
938
981
821
1049
895
878
956
954
754
1008
750
866
810
867
554
1095
735
819
715
748
732
693
735
695
684
712
701
742
567
666
665
651
681
760
478
568
582
659
497
595
530
546
516
583
395
579
501
472
591
499
460
419
318
89
1253
231
360
414
403
497
425
465
452
410
397
426
404
390
348
372
346
340
351
335
346
404
240
414
256
373
310
339
251
408
254
284
288
254
299
268
259
252
269
281
260
280
245
221
68
470
203
209
309
184
225
199
240
207
144
289
242
202
175
217
185
271
94
205
164
206
193
200
158
128
216
195
162
146
185
180
170
141
149
181
154
163
144
149
138
167
138
155
127
181
142
159
149
134
89
60
19
561
14
38
85
109
128
119
149
115
111
93
106
121
99
92
110
104
107
105
86
114
99
108
89
118
109
105
71
81
59
141
70
61
98
101
76
90
74
109
63
154
28
84
82
87
62
79
85
54
78
74
55
59
78
81
57
73
63
67
56
64
22
159
20
44
59
71
65
54
39
62
75
63
68
54
56
54
37
45
41
67
46
49
68
31
13
84
25
46
39
50
44
45
33
51
43
43
14
64
43
39
44
34
34
46
67
22
38
32
31
44
24
36
34
41
42
24
33
39
29
34
42
31
28
37
30
33
29
29
36
40
41
25
16
9
8
9
132
11
17
10
12
30
23
31
35
39
21
15
27
28
27
26
29
16
26
24
17
23
30
21
24
17
28
10
21
16
27
12
32
11
25
20
19
17
28
16
18
26
16
23
21
25
23
19
18
22
18
17
14
25
21
17
17
3
40
8
12
25
13
14
13
23
25
14
24
13
15
25
18
23
13
21
11
26
16
13
23
14
20
19
16
18
26
15
13
14
10
32
13
16
13
12
17
18
19
12
12
20
23
16
21
19
10
15
13
13
16
23
6
7
13
12
10
15
12
11
7
16
9
12
14
6
31
3
12
15
13
19
12
11
13
9
11
12
10
17
8
12
15
11
12
8
8
11
11
19
15
20
9
12
16
8
14
7
12
18
14
13
16
14
18
15
5
10
10
14
12
12
7
12
13
13
10
11
16
9
8
13
4
14
18
7
7
9
12
12
15
13
15
14
10
10
8
10
9
13
9
15
10
10
6
30
9
9
7
6
16
10
12
6
13
12
14
6
20
11
16
12
11
14
11
5
10
7
8
8
12
16
8
5
7
12
9
10
12
18
15
8
8
7
9
9
7
8
10
11
7
7
11
13
2
10
12
7
16
6
17
10
6
6
3
7
12
7
6
7
5
8
10
14
7
8
9
12
8
13
8
5
3
18
8
6
11
8
8
8
5
11
8
5
9
4
5
5
14
10
8
12
17
7
10
6
10
14
11
11
10
7
9
8
8
8
12
9
7
4
7
5
11
10
8
14
6
15
13
14
15
7
2
13
4
8
13
7
11
13
10
7
6
6
7
11
5
11
11
5
5
18
6
14
10
9
8
12
5
11
3
10
12
10
7
9
5
10
10
6
6
10
5
9
7
7
8
4
4
6
5
11
5
7
10
10
8
13
7
15
11
5
4
12
9
14
5
9
6
4
8
4
7
14
6
11
7
13
5
8
4
8
8
7
6
9
8
10
2
10
6
6
7
5
8
2
6
7
8
9
8
12
11
8
8
11
16
6
10
8
10
10
8
7
6
10
8
4
4
8
9
4
7
10
14
6
12
7
9
3
6
9
6
8
8
6
8
6
7
8
6
7
7
10
8
4
8
9
10
4
9
10
5
8
5
8
4
10
13
4
6
10
5
5
4
3
8
6
2
7
9
7
9
5
6
6
9
6
4
8
8
10
6
7
9
4
10
10
9
8
17
6
5
7
5
8
7
5
9
7
8
8
7
10
4
8
5
7
5
6
6
5
5
5
6
3
28
3
5
4
6
6
7
5
10
6
5
8
6
3
5
7
2
8
8
9
8
6
11
5
7
7
5
9
6
2
4
10
7
9
8
5
10
7
11
4
6
5
5
8
7
5
5
8
7
13
5
8
8
3
9
5
6
4
9
8
4
8
9
10
4
8
7
6
7
5
5
2
7
6
6
15
9
5
3
4
7
4
10
3
4
5
6
4
6
8
8
10
7
7
8
8
6
6
6
9
4
5
11
8
7
5
8
7
7
3
7
6
6
3
2
8
4
2
5
14
9
4
9
2
5
6
6
3
9
5
2
4
6
5
4
5
5
6
5
6
6
2
7
6
8
9
6
7
8
7
5
6
5
3
5
3
11
6
3
9
4
4
7
3
4
6
12
5
3
7
2
16
4
6
8
4
7
4
12
6
2
5
6
2
4
7
5
3
12
7
8
3
5
8
4
8
6
6
10
7
11
12
13
10
6
5
8
8
11
0
9
6
4
3
0
9
3
8
7
2
7
8
7
1
9
6
4
6
5
10
5
2
6
8
2
8
13
5
2
6
3
9
4
1
4
4
5
8
1
11
6
6
5
6
5
1
5
7
7
7
6
2
4
5
6
8
5
3
6
6
7
7
3
6
7
6
9
8
5
6
5
12
10
4
9
4
3
5
7
11
9
4
6
5
0
3
8
10
9
10
5
2
3
6
9
6
9
9
4
4
8
5
8
10
6
4
6
6
5
8
5
12
4
5
4
4
9
9
5
6
4
3
4
12
10
4
11
3
3
4
5
7
4
7
8
10
6
1
5
5
5
9
4
8
6
5
6
5
6
11
4
4
5
6
4
2
10
4
8
8
4
7
2
3
10
8
10
10
6
5
5
10
3
8
5
4
6
7
5
2
3
4
5
7
5
4
8
4
10
2
6
11
4
8
2
3
2
7
4
6
5
5
5
6
6
3
3
4
7
7
8
3
6
11
3
2
3
6
1
6
4
4
11
3
8
6
5
8
7
5
7
4
4
4
3
3
5
7
7
7
2
1
8
7
7
3
8
6
6
8
4
17
10
7
9
5
4
2
11
6
5
6
6
9
9
3
5
4
14
7
6
5
6
3
3
5
6
3
3
4
5
6
5
2
5
6
5
3
2
5
10
8
9
3
11
4
2
6
9
8
4
4
8
4
6
5
4
3
3
8
4
3
0
8
3
8
8
5
1
9
7
8
4
10
8
9
1
7
4
3
7
7
3
5
6
10
11
2
4
3
6
5
5
5
5
7
2
8
12
6
4
1
9
5
8
2
5
3
4
6
9
8
8
9
7
11
10
7
8
4
4
7
7
4
5
1
11
6
7
6
3
5
6
7
6
7
7
3
4
4
6
3
5
6
3
3
4
3
8
5
7
9
9
5
2
5
13
7
3
5
5
10
3
6
3
12
9
8
9
5
8
4
9
9
8
7
7
3
4
4
4
5
5
8
10
12
9
9
3
9
9
8
9
6
12
5
12
7
5
5
9
2
8
7
5
6
5
6
7
4
7
9
8
8
8
5
5
2
5
5
2
2
0
50
3
3
1
6
4
2
5
8
6
11
9
4
7
10
12
6
8
6
9
6
6
3
12
12
5
9
6
9
9
4
10
9
10
7
6
7
6
9
9
10
9
6
6
8
7
11
9
5
10
6
11
8
7
9
6
5
4
14
12
8
7
9
14
6
8
7
6
8
9
7
8
5
5
10
8
2
5
16
7
11
12
7
16
7
10
12
5
11
4
12
8
7
9
6
9
5
10
7
10
4
6
10
8
6
8
10
7
7
7
14
10
9
6
8
5
5
6
7
5
8
7
4
13
5
8
12
8
16
11
3
5
10
7
10
8
11
7
8
11
7
8
14
9
6
6
7
7
8
9
10
12
8
14
5
12
1
12
6
12
8
4
9
8
7
5
8
8
6
9
11
2
10
1
4
7
10
5
10
10
8
7
14
10
9
4
12
8
2
7
9
7
7
8
4
5
7
5
7
5
7
4
4
6
5
5
6
7
6
4
5
5
3
4
11
3
4
9
8
7
6
10
7
4
6
5
3
10
3
6
9
5
5
1
7
3
4
6
7
6
9
4
4
2
12
8
7
10
7
7
11
4
3
3
8
6
5
8
5
5
5
6
4
4
9
8
5
5
8
5
4
6
2
7
3
7
6
6
3
9
4
5
5
3
7
6
6
4
5
4
2
7
8
3
3
4
6
3
3
6
4
7
4
3
3
5
4
8
7
5
7
3
9
5
2
5
5
3
9
6
4
2
7
6
8
6
4
2
4
5
3
6
3
4
9
6
4
3
4
6
3
3
2
7
3
5
3
2
6
3
7
5
5
5
2
1
8
3
2
8
4
3
2
7
6
4
5
6
13
3
10
7
4
9
5
2
4
5
2
2
4
2
1
3
6
10
10
4
4
3
2
10
4
5
6
5
1
3
4
3
6
1
4
3
6
9
2
0
1
11
1
5
3
3
1
2
4
5
2
4
5
7
5
10
4
4
4
2
5
4
9
5
4
3
9
5
6
3
7
3
5
3
4
5
10
3
5
6
9
4
0
5
5
6
2
2
2
5
5
5
4
2
8
2
6
4
5
6
2
6
3
3
6
7
10
3
3
3
6
5
6
4
4
5
4
4
3
9
2
4
4
3
3
6
7
5
5
6
6
5
7
5
3
8
7
5
6
3
7
5
2
5
2
2
2
3
2
3
5
4
4
7
7
3
3
2
3
5
4
4
5
4
1
6
6
5
4
6
10
5
5
5
5
1
5
3
4
3
7
3
7
7
3
8
3
5
3
6
5
5
10
3
4
4
7
6
6
4
2
1
2
7
8
9
4
4
4
7
3
6
3
4
1
4
3
7
3
4
9
5
3
5
3
5
4
1
7
6
3
3
5
7
4
6
5
4
7
4
3
2
3
0
11
7
11
9
8
9
7
4
4
3
7
4
4
5
4
4
2
3
4
6
5
7
4
3
6
6
5
2
7
3
3
4
2
4
6
5
7
5
4
4
5
3
5
2
4
4
3
4
8
10
3
8
4
5
2
7
5
7
2
6
2
4
2
1
3
6
5
4
1
4
6
1
3
5
6
3
5
8
0
4
4
7
5
3
8
6
3
5
4
2
4
2
5
3
4
6
5
7
6
2
4
6
8
5
4
11
3
4
3
8
4
5
4
3
5
6
3
4
2
1
1
7
5
3
5
2
2
5
5
1
6
4
4
3
3
5
5
9
5
10
3
6
3
7
2
4
5
6
3
5
2
7
2
5
4
3
4
5
7
4
4
3
8
4
10
1
2
4
4
5
4
3
7
5
6
7
7
3
5
3
5
4
4
5
5
4
5
4
3
6
2
7
2
3
4
1
3
5
8
2
1
1
3
7
2
3
3
5
4
7
3
5
9
3
6
4
6
6
5
5
4
2
6
4
4
3
3
7
5
7
3
3
9
1
5
7
7
6
9
5
6
4
4
8
3
3
2
3
1
7
2
5
3
4
6
7
1
3
6
2
3
6
3
4
3
6
7
4
4
2
3
8
7
3
7
3
8
7
7
4
2
2
2
6
5
3
5
4
6
5
6
1
3
6
1
5
6
6
7
2
8
8
7
8
6
7
7
6
3
5
8
3
4
5
6
2
7
6
6
4
8
1
9
6
7
9
6
10
7
6
6
5
4
4
4
2
2
3
5
6
4
3
7
4
8
1
10
5
8
2
3
4
6
2
6
3
1
8
5
3
3
2
3
4
8
1
3
4
5
7
4
5
7
2
2
5
6
4
4
2
9
5
8
8
6
8
5
8
4
4
7
8
9
5
3
2
6
5
2
7
2
4
5
10
7
5
5
5
5
4
3
4
5
11
9
3
8
8
3
3
5
4
3
7
5
3
1
6
4
6
7
5
4
3
5
5
4
1
8
6
6
8
4
8
5
3
3
3
5
3
5
3
9
5
6
5
2
3
8
4
4
3
4
6
4
6
10
6
3
7
2
3
8
4
4
3
1
2
4
3
4
4
4
7
8
6
3
8
8
4
1
7
2
2
6
4
9
2
7
3
3
5
7
6
7
4
2
7
3
4
3
10
6
7
10
3
2
5
7
3
4
4
7
3
3
4
1
5
5
5
4
6
6
9
7
3
1
2
0
3
4
7
7
3
5
5
4
3
1
4
4
2
8
4
7
3
1
5
3
5
3
0
2
4
2
4
5
3
6
3
1
3
7
6
5
6
3
2
4
3
5
5
6
5
11
4
3
10
4
11
3
6
5
2
2
6
5
4
3
7
9
3
4
5
5
8
5
6
3
6
8
5
9
7
2
6
7
2
4
5
6
5
6
4
9
4
4
6
6
3
1
4
2
5
9
3
3
6
4
4
2
7
4
11
4
4
9
8
3
3
4
4
8
1
3
5
3
4
2
9
3
4
5
6
6
5
3
6
3
5
6
1
7
5
2
6
10
6
2
5
2
7
1
3
3
5
4
3
8
4
4
6
5
5
5
2
3
3
4
2
9
7
5
2
2
4
5
4
3
8
3
1
8
5
4
3
3
4
2
2
6
4
4
8
4
3
6
5
7
2
5
2
6
2
3
3
6
2
7
2
2
8
4
3
3
6
6
2
4
5
5
6
6
5
3
5
5
2
7
5
9
6
3
3
3
7
5
4
5
3
7
5
5
3
10
4
5
4
7
4
2
6
7
3
3
5
4
3
2
4
5
8
5
5
5
3
3
6
10
5
6
3
8
6
8
2
7
6
11
4
4
4
3
9
5
6
5
8
2
3
5
7
7
3
4
5
7
5
5
1
8
7
5
4
4
7
4
3
6
3
5
1
4
9
8
4
6
5
6
4
3
8
3
5
2
8
6
2
4
8
4
6
8
6
4
6
5
6
5
3
4
6
4
8
6
8
6
4
4
3
4
4
3
4
3
2
5
4
4
6
6
5
5
6
5
4
5
6
7
8
5
2
3
6
3
7
5
2
7
4
2
9
4
7
8
6
2
3
8
2
5
7
10
5
5
6
7
3
9
6
9
6
8
4
7
6
13
8
4
9
7
9
2
4
6
5
5
4
7
4
4
6
5
3
5
5
10
2
4
4
6
7
8
4
6
4
8
2
5
4
4
6
6
8
6
3
4
9
4
6
8
8
13
2
1
3
6
8
5
7
7
5
6
3
4
8
5
4
7
8
8
0
7
4
3
9
6
3
2
3
1
5
7
5
7
8
3
3
4
6
5
5
5
5
3
6
6
3
2
7
8
4
5
11
2
6
4
7
6
4
3
7
6
6
8
6
7
4
3
2
9
6
6
6
9
6
6
8
6
4
8
6
5
1
6
1
10
10
4
3
9
7
10
8
5
11
5
4
4
9
5
3
4
9
8
2
5
4
6
4
6
9
3
14
6
9
6
11
4
3
6
4
7
10
8
3
3
5
5
7
8
8
7
7
5
10
3
10
8
10
6
6
4
6
5
1
6
5
5
7
3
2
1
6
4
8
9
12
5
7
7
2
8
3
3
5
6
3
13
4
5
2
6
7
7
8
2
2
4
3
7
5
5
4
14
6
5
4
7
8
8
4
2
8
7
10
1
9
8
8
4
8
4
7
8
6
7
9
8
6
6
7
1
4
5
5
11
4
11
6
11
3
4
5
6
3
7
6
12
9
4
4
4
11
9
5
3
13
5
11
8
9
8
5
4
10
9
3
8
7
8
6
10
6
4
10
9
4
7
9
6
6
3
10
9
3
10
2
5
10
8
9
5
3
10
4
5
7
7
7
6
3
8
6
11
6
6
6
7
11
4
9
5
10
9
4
7
9
4
8
7
4
12
8
6
9
7
5
6
7
6
7
10
9
2
5
8
6
5
7
7
5
10
7
8
4
5
8
6
9
6
11
8
5
3
6
6
11
4
6
1
3
7
4
7
11
1
4
1
11
4
6
7
5
3
6
6
6
7
3
6
4
4
2
3
11
4
6
3
5
5
9
7
9
4
6
4
6
6
6
7
4
7
4
5
6
6
6
4
3
4
2
2
5
9
1
6
6
6
1
2
4
4
5
0
4
5
3
5
2
4
3
3
3
0
2
0
0
0
0
0
0
0
1
2
0
0
0
0
0
0
0
0
0
0
0
0
0
0
0
0
0
0
0
0
0
0
1
0
0
0
1
1
0
0
0
