20925
0
0
0
0
0
0
0
0
0
0
3
1
9
11
34
46
44
61
39
50
81
82
103
70
76
87
81
83
102
98
93
116
117
102
142
139
116
90
141
155
119
94
122
111
140
115
143
126
133
88
155
115
160
134
124
182
131
134
128
124
145
134
139
143
159
149
153
128
162
162
189
74
191
173
181
109
181
199
97
188
222
73
211
120
205
92
217
102
211
88
232
118
224
126
221
124
220
113
233
73
125
199
150
70
274
136
233
101
139
211
89
165
212
87
144
50
219
168
135
221
115
173
84
241
93
178
72
203
125
197
74
235
113
136
144
191
87
199
96
91
232
153
188
157
100
233
109
249
113
119
239
76
171
202
125
130
242
85
146
190
148
121
272
63
113
190
219
152
108
266
94
108
161
173
152
167
37
354
124
190
96
303
140
172
48
327
120
94
201
198
100
178
157
40
351
128
138
185
244
119
159
177
134
369
46
127
153
192
78
237
212
154
190
81
374
61
160
172
199
139
216
146
156
150
186
83
365
62
136
172
219
134
91
234
163
221
160
182
106
390
20
143
124
146
191
137
105
207
167
212
84
222
133
147
9
425
103
175
135
175
248
143
115
199
179
67
262
159
143
161
127
12
440
90
143
166
202
104
231
147
145
215
106
184
206
113
168
153
188
123
36
441
37
119
108
210
191
120
200
109
186
101
232
90
173
107
237
102
214
140
169
140
88
5
486
78
131
130
121
191
181
131
192
112
210
114
246
78
142
219
71
200
153
181
181
128
138
121
91
10
535
26
119
137
119
120
170
206
132
91
186
110
213
99
54
318
125
122
165
135
167
161
74
236
146
163
133
132
131
72
4
556
21
91
107
129
104
162
169
88
216
147
52
210
129
173
132
141
39
314
95
134
199
80
72
186
92
138
170
101
183
176
121
117
133
90
73
10
613
6
50
84
130
126
134
175
198
89
52
189
129
106
184
47
161
184
139
86
92
25
292
83
99
157
173
120
80
215
36
103
166
152
54
100
175
164
44
215
86
142
70
62
32
1
608
11
60
79
106
108
120
126
164
87
142
97
56
166
77
166
82
209
56
131
61
170
153
92
89
59
279
4
60
94
174
62
139
76
129
57
209
50
109
104
91
144
80
111
139
85
175
52
157
171
72
73
76
75
43
9
0
644
5
43
69
101
88
78
84
118
135
181
75
35
161
109
72
144
41
189
75
55
29
213
64
69
151
155
34
188
38
148
58
73
2
313
38
91
54
113
113
70
118
68
123
74
43
199
37
80
77
148
81
147
16
64
118
138
30
75
118
49
125
119
17
159
60
77
83
58
42
19
0
0
571
1
7
41
61
66
63
110
81
98
138
47
142
59
104
86
42
121
56
95
75
167
15
96
28
127
71
82
19
206
24
49
67
117
74
116
32
75
129
118
83
70
55
21
1
297
11
44
87
61
96
33
128
61
17
123
73
98
71
79
30
222
3
51
53
113
113
85
41
13
176
54
56
112
63
114
42
60
40
74
53
113
48
120
36
109
82
63
63
100
62
51
48
19
9
1
1
669
0
0
5
18
32
34
81
61
53
58
70
93
93
45
135
43
107
55
27
95
35
102
12
138
75
117
54
38
15
162
32
36
82
89
33
87
58
49
13
199
3
30
71
55
27
78
78
11
124
42
71
19
81
45
95
82
61
62
28
17
1
281
0
9
38
39
79
90
14
107
47
72
33
78
24
115
13
71
18
96
68
40
42
9
0
178
11
21
93
109
21
71
14
91
31
35
2
159
24
19
65
90
46
30
143
8
39
84
24
67
9
81
32
79
51
10
77
34
69
29
88
61
62
54
55
41
51
35
27
22
12
6
4
2
0
1
523
0
1
1
7
12
16
28
45
49
31
50
43
67
79
87
91
16
69
39
9
68
43
11
68
19
91
16
92
15
31
82
52
5
129
7
53
12
60
85
30
24
0
131
5
29
50
62
28
70
12
37
59
68
27
30
16
2
202
1
11
33
24
58
68
20
42
17
90
34
3
92
11
47
85
18
2
57
57
10
40
14
64
60
58
49
22
21
6
2
0
232
1
3
8
20
44
33
57
69
57
18
46
8
39
66
4
22
60
37
5
82
1
16
23
68
6
49
25
56
7
72
23
20
3
0
158
2
8
17
49
57
8
50
31
16
69
1
32
60
6
72
17
1
122
0
4
16
31
81
3
47
73
18
12
5
83
5
19
48
41
43
13
1
87
6
27
68
9
65
6
70
13
50
2
57
9
32
25
4
37
18
52
16
58
51
2
54
48
36
49
26
26
23
19
12
12
7
4
3
1
1
0
0
0
441
0
1
2
4
2
2
6
10
14
16
32
47
22
27
32
45
52
47
9
59
38
18
41
20
2
26
33
6
35
4
38
3
52
10
36
12
54
1
23
40
1
33
8
68
5
14
48
30
8
38
23
1
64
0
8
23
61
16
4
51
20
42
4
45
12
6
0
105
1
7
11
18
42
25
5
32
7
55
0
12
49
0
32
11
28
34
25
13
14
2
3
0
121
2
4
5
16
26
28
42
7
18
30
6
54
3
24
33
6
31
18
1
57
1
3
12
32
4
28
22
9
57
1
15
35
14
1
39
24
2
10
13
28
0
35
34
29
21
24
12
6
0
4
0
1
150
4
0
3
0
4
11
26
14
29
30
29
8
27
12
21
4
34
2
28
12
41
11
6
38
3
13
29
6
4
33
19
7
1
45
0
2
15
24
2
22
20
6
43
3
6
31
14
7
13
26
31
30
14
13
3
3
2
93
0
2
1
4
14
19
32
26
0
14
20
4
38
10
30
13
4
37
0
12
34
7
14
12
17
2
28
25
5
3
1
58
1
2
5
21
4
31
9
2
16
1
29
4
19
19
20
8
13
0
3
49
2
6
31
1
29
1
24
8
28
14
6
1
33
1
3
10
29
8
4
19
8
2
30
3
16
2
10
13
6
28
1
11
21
9
5
37
4
15
28
2
28
1
34
4
25
14
5
11
12
1
11
9
16
7
6
7
9
7
20
20
33
21
0
36
16
13
17
15
13
7
8
3
3
5
1
0
3
2
3
4
2
1
0
0
198
0
1
1
4
1
4
4
0
2
5
0
6
4
5
5
13
12
14
13
18
17
30
17
23
2
22
7
5
12
10
7
12
9
9
3
14
12
3
11
3
13
1
18
3
19
3
27
3
19
9
4
25
1
14
1
10
11
2
22
0
4
18
15
0
21
7
4
20
3
2
15
26
5
11
4
8
16
6
3
33
4
3
7
19
6
7
5
18
4
11
7
15
5
6
2
1
40
1
0
5
8
18
13
6
7
1
14
1
13
2
4
15
4
14
4
8
4
12
17
4
5
0
3
37
2
3
5
4
16
21
13
5
6
11
2
11
1
5
10
13
0
5
2
14
0
11
21
12
8
3
3
20
9
8
4
13
6
2
4
13
2
20
10
11
9
4
3
3
1
1
36
4
2
2
7
4
10
11
13
11
4
7
5
6
4
15
4
8
3
3
9
10
5
0
14
6
11
13
7
1
12
5
5
3
8
9
1
3
0
18
1
4
2
14
13
1
2
8
3
17
6
5
5
15
6
1
19
1
4
7
7
6
10
1
14
3
14
2
1
4
8
11
2
8
6
7
2
8
1
10
3
3
6
6
5
7
11
4
8
10
10
14
5
6
3
4
1
3
2
5
3
1
49
0
1
4
6
2
4
9
6
6
3
10
6
5
10
4
11
7
3
3
3
6
5
4
11
2
16
5
11
1
6
4
10
3
2
9
5
10
2
4
8
4
6
4
7
8
2
3
16
2
2
10
4
8
4
8
5
6
5
5
7
8
10
10
5
3
4
3
29
1
4
6
6
6
8
6
2
7
3
11
2
5
8
5
7
6
11
4
3
1
6
6
6
3
11
2
6
8
3
0
7
4
3
5
4
4
6
7
9
5
7
6
1
4
6
4
0
26
3
5
8
9
7
7
5
6
8
5
3
6
6
7
4
5
13
3
12
3
6
2
10
3
10
1
6
7
4
8
3
5
7
6
3
2
17
4
4
4
14
4
7
6
7
4
5
9
2
13
2
7
4
8
4
2
4
11
2
4
3
4
6
1
24
4
3
3
5
1
11
11
6
4
4
5
7
5
9
3
4
7
4
7
3
3
2
8
2
9
11
6
10
9
4
7
7
7
8
6
7
6
1
5
7
18
1
5
6
11
4
3
2
4
3
5
12
2
2
4
7
4
7
10
9
9
4
6
9
5
4
9
5
4
6
7
8
7
10
10
5
3
8
10
3
3
5
11
11
6
9
5
4
6
7
10
5
6
6
12
4
5
3
6
5
8
6
4
9
8
12
9
5
4
10
2
5
8
9
2
3
9
5
7
12
4
7
6
5
4
7
8
9
6
8
7
8
10
5
6
6
9
10
4
4
6
13
8
3
4
6
9
14
7
7
6
10
9
6
10
6
10
4
3
6
10
4
5
12
10
6
11
7
5
5
7
3
9
7
8
8
8
7
7
6
5
8
8
11
6
10
10
7
7
9
10
5
11
12
5
5
5
13
11
6
3
10
12
14
13
9
12
11
9
10
3
7
10
7
6
5
2
9
7
13
8
11
7
8
3
2
0
51
2
6
5
2
4
5
9
4
12
6
10
2
11
12
9
7
10
11
5
14
6
10
8
9
7
17
15
10
12
14
7
7
9
7
9
6
7
8
8
8
8
8
10
10
15
8
7
12
9
13
12
10
9
9
4
7
9
6
11
5
11
14
3
16
8
8
10
7
8
9
11
11
7
5
8
12
18
3
9
15
16
10
7
8
7
13
8
9
15
8
17
5
10
7
13
10
15
15
12
4
16
16
10
18
10
10
10
9
11
8
8
19
10
9
8
4
8
13
13
13
6
10
5
14
9
14
10
12
12
10
17
15
7
19
9
22
9
7
16
14
11
13
14
17
6
17
16
13
14
9
7
21
8
17
15
15
23
17
10
17
13
15
14
13
14
16
11
14
11
11
14
13
19
12
20
16
14
9
20
15
19
8
9
13
14
20
7
12
11
16
16
13
6
12
16
9
11
17
15
23
20
14
17
18
16
15
19
11
15
15
14
21
12
18
15
13
17
13
14
22
18
10
14
17
20
18
20
14
17
13
14
19
13
21
23
13
15
17
16
15
12
20
31
22
18
13
14
23
15
12
27
20
19
25
18
35
23
17
30
17
23
23
7
20
19
20
15
20
18
23
25
22
17
27
22
23
17
20
28
17
25
22
33
36
22
20
27
20
19
30
32
25
14
21
21
31
19
25
23
22
17
26
20
29
29
30
25
32
25
30
24
23
30
25
35
34
20
18
31
26
35
38
34
34
28
32
23
34
23
25
26
29
41
35
32
42
41
33
38
35
38
43
41
31
49
39
36
36
26
28
41
43
37
44
42
36
34
44
33
44
35
45
42
30
42
34
32
50
44
29
54
46
49
45
43
56
45
40
51
48
42
44
58
52
45
43
40
53
42
49
34
49
50
63
50
54
56
57
59
46
55
55
56
46
51
53
50
65
65
44
54
55
40
51
48
59
56
69
53
57
70
52
71
61
68
67
53
65
56
65
50
70
74
67
75
68
61
73
82
72
66
89
71
75
73
69
69
79
97
96
70
84
84
75
77
80
75
103
79
91
98
82
89
96
104
97
94
94
88
95
99
100
101
95
105
105
87
96
96
107
99
98
106
103
116
120
106
109
124
112
96
102
118
113
114
111
130
120
110
140
114
116
163
142
123
123
117
119
137
118
91
158
140
139
144
129
148
141
131
149
137
143
149
165
157
135
149
163
166
182
151
184
160
162
169
177
168
203
159
175
164
165
199
175
178
213
167
192
186
173
211
189
176
181
201
198
191
187
214
216
213
214
190
221
217
228
214
229
224
209
226
225
231
244
242
230
235
241
238
264
248
234
256
264
282
221
252
260
268
279
260
279
277
289
318
289
282
300
298
312
291
292
326
306
312
326
304
321
347
331
292
338
327
349
335
317
345
374
326
348
381
370
372
379
382
364
376
371
391
365
424
426
382
407
345
421
393
396
383
424
431
408
427
439
424
459
461
473
482
498
480
500
475
518
482
517
519
477
532
537
523
569
535
532
544
563
516
584
615
596
550
605
567
583
620
589
587
618
605
620
641
758
580
615
637
737
715
713
707
719
725
713
700
732
756
716
786
756
836
748
837
801
761
820
832
836
845
944
891
912
881
952
958
913
928
953
950
978
960
1028
962
1073
1032
1032
1010
1001
1099
1041
1090
1091
1063
1063
1092
1086
1126
1140
1123
1202
1130
1144
1163
1207
1175
1207
1176
1229
1182
1200
1240
1252
1267
1270
1319
1297
1289
1289
1243
1249
1352
1244
1336
1287
1286
1359
1320
1333
1179
1350
1312
1299
1245
1283
1333
1314
1318
1270
1280
1339
1349
1339
1273
1300
1307
1305
1244
1286
1227
1191
1244
1217
1232
1206
1247
1196
1236
1251
1219
1164
1189
1169
1134
1102
1149
1131
1073
1101
1089
1070
1025
1101
1070
1086
1041
1041
1012
966
1017
1074
982
927
975
941
945
929
906
928
928
910
871
856
816
837
844
808
828
872
853
829
833
754
792
787
776
746
771
801
713
757
735
739
764
751
740
739
677
716
704
687
692
653
643
649
615
642
676
639
639
670
597
582
651
559
595
618
589
578
556
590
590
576
504
562
572
551
581
524
522
503
495
554
477
529
461
497
461
518
495
487
482
473
448
464
424
447
444
430
409
415
447
405
417
423
431
388
382
401
379
356
380
382
366
396
356
340
389
378
313
371
362
363
322
351
297
325
312
303
314
299
328
292
310
283
290
306
287
304
321
286
287
273
291
275
275
271
252
238
277
276
252
242
249
238
223
226
229
243
231
219
277
224
228
251
252
229
202
187
203
200
199
222
200
180
173
191
190
209
155
180
190
167
206
195
167
203
189
180
173
158
180
176
171
160
147
177
163
149
177
143
145
176
178
154
164
175
144
146
150
158
163
150
155
158
93
203
159
158
137
133
153
146
134
143
128
121
123
135
137
140
136
125
123
123
153
138
143
139
128
122
132
112
141
140
119
124
131
143
112
130
131
124
135
137
122
142
111
127
149
126
143
133
132
127
105
158
115
120
123
119
143
124
137
136
128
116
119
128
125
139
128
147
139
155
125
142
139
142
146
122
152
136
144
134
129
119
140
141
153
149
137
143
123
141
165
136
152
150
142
152
147
156
150
164
141
161
179
140
161
166
143
148
153
151
166
154
174
165
175
177
153
184
208
175
156
165
169
185
170
164
160
158
183
178
178
185
186
201
196
189
207
194
200
198
200
180
207
205
199
208
210
205
230
224
202
229
234
222
238
226
231
225
255
250
227
234
213
260
250
205
259
256
281
268
240
242
271
285
240
271
261
274
253
296
272
277
309
278
254
284
336
287
278
305
288
319
330
295
302
294
306
283
309
296
300
311
325
316
346
327
300
321
301
297
303
311
341
327
326
314
312
292
315
293
296
322
321
314
280
307
324
305
290
266
252
294
285
277
294
241
286
280
247
259
261
248
250
231
222
224
227
208
202
237
199
204
200
166
183
178
155
194
161
188
173
167
163
160
154
147
136
110
128
121
112
142
106
121
116
115
114
118
110
98
115
81
91
97
81
101
83
92
88
98
74
91
68
72
63
68
67
59
62
61
58
61
56
53
62
52
56
64
70
49
38
61
54
41
45
44
51
49
53
42
45
36
33
43
37
48
35
24
35
39
36
31
36
28
32
26
34
32
29
35
33
27
23
18
27
31
26
22
22
20
28
16
27
24
26
20
18
11
14
20
21
8
21
23
21
17
20
14
20
19
13
12
13
15
13
9
18
16
13
11
16
9
12
7
4
14
11
13
9
6
8
6
12
4
7
13
14
16
4
12
8
13
6
7
9
6
11
8
6
6
6
4
7
6
2
6
5
8
6
3
6
4
4
4
7
5
4
3
5
1
3
5
3
3
5
3
4
5
2
6
4
2
6
4
1
2
1
4
2
1
3
3
5
3
2
5
0
2
3
0
2
1
0
1
2
3
1
0
0
1
1
1
0
1
0
0
1
1
2
1
1
1
1
0
2
1
1
1
1
2
3
0
0
2
1
2
0
0
0
3
1
1
4
1
3
0
1
2
1
0
3
1
0
2
2
0
0
1
1
0
1
1
0
2
0
2
0
1
1
0
1
1
0
3
0
1
0
2
0
0
0
0
1
0
1
0
0
0
0
0
0
2
1
0
0
1
0
0
0
0
0
1
0
0
1
0
0
0
0
1
0
0
0
1
0
1
0
0
1
1
0
0
0
1
2
0
2
2
0
0
0
0
0
0
0
0
1
0
0
0
0
0
2
1
1
1
0
0
0
0
2
0
1
0
1
3
0
0
0
0
0
0
3
1
1
0
0
0
0
0
0
0
1
0
0
0
0
0
0
1
0
1
0
1
0
0
1
1
0
1
0
1
1
0
1
0
1
0
0
0
0
0
0
0
0
0
0
1
0
1
0
0
0
0
1
0
1
0
2
1
1
1
0
0
0
0
0
0
0
0
2
1
0
0
0
0
1
0
0
0
0
0
0
0
1
0
0
0
0
0
0
1
0
0
0
0
0
1
1
0
1
0
0
0
0
0
0
0
0
1
0
0
0
0
0
3
0
0
0
0
0
0
0
0
1
0
0
0
1
0
0
0
0
0
1
0
0
0
0
0
0
1
0
0
0
1
0
0
0
0
0
2
1
0
0
1
0
0
0
0
0
1
0
0
0
1
0
0
0
1
0
0
1
0
0
1
0
0
0
0
2
0
0
0
0
0
0
0
0
0
1
0
0
1
0
0
0
0
0
0
0
0
0
0
0
2
0
0
0
0
0
0
0
0
0
0
0
0
0
0
0
0
0
0
0
0
0
0
0
0
0
0
0
0
0
0
0
0
1
0
0
1
1
0
1
0
0
0
0
0
0
1
0
1
0
0
0
0
0
0
0
0
0
0
0
0
0
0
1
0
0
0
0
0
0
0
0
0
0
0
0
0
0
0
0
0
0
1
0
0
0
0
0
0
0
0
0
2
0
0
0
0
0
0
0
0
1
1
0
0
0
0
0
0
0
1
1
2
1
1
0
0
0
0
0
1
0
1
1
0
2
2
1
0
2
1
1
0
2
1
1
2
0
1
1
2
2
2
4
1
2
2
5
7
9
2
0
8
0
4
3
2
5
7
5
4
12
14
10
12
14
9
13
15
17
12
7
20
28
20
28
33
49
52
65
75
91
127
133
154
161
265
305
358
444
551
739
869
1180
1399
1674
1863
1851
1686
1343
