324
490
1099
2337
4029
5208
5766
5327
4683
3967
3370
2923
2595
2440
2238
1954
1757
1567
1541
1388
1270
1232
1076
958
929
794
672
597
550
493
413
413
326
291
256
216
207
172
158
127
132
123
126
84
103
102
92
99
96
86
84
114
108
93
108
78
105
108
91
115
122
114
123
113
162
133
148
154
154
167
173
165
163
175
160
207
199
192
189
193
222
219
225
229
242
269
299
258
279
295
286
285
304
334
333
333
392
371
372
363
387
394
389
439
437
449
434
439
441
475
476
525
536
500
534
549
521
519
545
534
568
593
611
626
628
650
602
656
609
613
602
644
637
710
629
693
638
662
716
668
722
650
628
667
708
638
656
621
665
671
698
673
684
637
683
640
639
610
641
617
639
614
674
653
627
653
610
583
578
607
599
614
559
543
604
589
556
597
589
556
524
535
531
489
519
538
498
508
487
536
513
502
532
476
491
480
442
508
458
482
456
443
493
411
466
477
445
472
465
471
423
393
408
424
414
426
407
442
415
429
420
391
422
410
385
413
389
409
359
422
370
420
399
345
380
373
379
365
368
390
401
331
365
342
345
364
353
339
362
363
363
390
346
357
345
336
349
318
364
337
348
308
353
337
342
329
341
327
296
303
343
322
317
344
300
299
325
318
309
315
271
289
315
279
282
279
263
281
283
286
260
308
276
277
266
343
239
274
278
286
268
256
277
278
257
261
270
249
287
295
239
273
243
255
279
230
254
223
233
238
233
219
208
219
236
235
209
251
213
229
203
223
195
207
210
218
210
229
189
165
194
212
193
181
192
216
168
189
192
200
197
186
159
181
174
170
176
186
186
161
166
153
167
174
159
173
168
170
151
164
154
161
159
186
171
162
156
159
176
161
150
171
192
160
184
163
180
177
181
174
192
181
196
193
160
195
182
169
207
188
215
217
188
240
177
212
204
202
209
216
212
203
206
228
229
200
207
191
184
179
193
187
174
186
160
174
180
165
185
136
168
162
157
151
136
156
139
132
124
120
139
129
117
125
100
127
129
120
119
106
103
104
85
117
80
89
101
84
82
100
85
94
86
94
106
92
71
70
87
78
83
89
83
80
87
79
81
81
74
78
64
85
64
76
92
73
72
88
91
67
76
76
77
70
63
87
72
76
98
71
85
66
68
87
83
74
67
77
72
60
73
70
61
61
63
80
71
70
61
54
66
61
65
60
67
69
58
55
51
62
51
49
61
68
47
51
65
59
62
45
51
62
43
52
46
53
51
50
48
52
56
42
52
41
52
48
49
48
37
44
46
37
43
45
46
55
47
53
46
44
48
32
54
47
49
47
35
41
61
43
30
43
47
52
48
44
42
37
41
47
44
50
37
38
37
42
41
44
35
58
41
36
37
30
39
34
34
50
36
29
29
37
33
37
45
46
39
46
43
46
42
35
30
32
41
46
41
37
35
36
37
46
38
38
39
33
32
34
30
46
28
42
33
22
41
36
34
30
27
31
34
34
40
42
40
41
32
28
30
28
35
46
35
35
36
39
33
32
35
30
34
32
45
38
39
36
31
30
37
36
39
26
45
30
28
38
35
38
38
42
37
30
43
32
32
34
44
29
48
38
37
30
30
38
25
36
34
25
27
29
43
31
24
25
29
35
42
26
38
28
23
21
20
31
18
28
19
40
26
35
30
20
32
32
22
28
27
31
25
36
30
29
32
23
30
20
30
20
27
25
25
29
27
21
24
24
21
24
27
27
20
23
22
28
18
18
23
15
21
19
29
24
24
23
17
22
20
25
25
31
21
24
18
25
26
25
10
31
30
19
24
22
31
25
21
33
19
16
27
23
18
25
20
28
26
23
28
22
19
20
26
18
23
30
27
20
20
13
26
14
22
21
27
16
13
18
15
23
22
20
20
21
20
27
20
26
22
19
20
17
19
20
21
20
21
24
25
19
21
19
23
20
25
23
25
26
15
20
12
13
23
19
13
23
25
20
19
15
24
12
20
25
17
20
20
13
24
18
21
10
20
19
16
18
16
14
18
20
27
15
16
18
26
21
16
13
14
19
27
13
13
20
18
8
20
22
17
15
19
20
21
16
10
21
28
15
19
16
15
23
21
16
21
16
16
19
13
19
23
15
15
13
19
18
14
17
17
15
17
25
14
17
17
19
14
15
16
15
21
16
20
20
18
18
10
19
20
16
16
23
15
19
18
13
10
20
20
16
12
14
20
18
17
21
15
17
17
13
19
17
10
14
13
18
18
16
16
14
22
20
13
19
20
16
17
10
21
16
19
20
14
13
17
14
13
18
15
15
24
13
20
11
13
14
19
19
15
17
15
14
17
16
15
19
18
13
19
11
13
17
15
17
26
21
8
21
14
13
19
16
10
11
15
9
13
10
23
15
20
10
21
12
13
20
12
16
16
7
16
15
18
13
16
15
14
11
15
10
24
7
20
17
12
12
18
15
18
10
10
6
15
12
14
17
15
5
11
19
11
18
8
17
15
5
9
14
7
20
15
8
14
10
7
11
19
11
16
8
18
17
12
10
16
18
15
22
16
12
17
10
17
18
14
19
11
9
15
17
9
11
10
16
13
14
16
10
17
14
14
11
12
12
7
13
6
10
11
9
17
10
17
7
20
9
11
17
11
11
12
19
11
12
11
12
12
11
21
10
18
10
10
15
16
12
14
13
10
16
9
20
16
14
11
9
18
15
17
17
13
13
7
7
13
10
9
20
16
7
11
13
13
19
15
10
17
17
14
8
16
13
13
12
12
14
11
5
6
14
16
12
11
12
13
14
16
11
21
12
20
13
5
12
24
14
9
11
8
13
12
19
12
4
12
10
17
9
8
6
9
17
14
13
11
5
10
8
16
12
14
12
12
13
10
14
8
13
16
12
11
8
11
13
17
8
8
10
14
13
13
9
11
12
11
9
10
15
15
8
11
8
15
10
10
9
6
11
14
15
11
9
8
8
10
12
12
13
4
10
15
6
9
11
12
10
15
12
9
8
14
7
7
7
9
5
7
11
10
6
15
2
10
8
10
9
9
11
10
5
11
12
12
1
6
17
8
9
6
11
9
5
13
12
10
3
10
7
6
5
7
4
11
14
12
7
12
8
8
14
10
12
10
10
5
14
7
10
11
11
9
5
9
4
11
11
7
11
13
8
11
13
7
12
10
13
10
8
11
10
6
13
12
10
10
12
14
6
6
6
6
9
6
11
12
10
7
7
5
5
19
7
2
7
10
11
8
13
12
9
7
13
8
9
8
6
7
16
10
7
10
8
5
7
13
8
12
12
10
5
10
14
10
10
8
8
6
13
8
10
11
7
10
10
8
8
11
9
11
6
11
8
13
8
6
11
7
11
12
6
3
14
5
6
14
10
15
7
11
10
11
10
9
9
14
10
8
11
4
7
9
3
9
14
12
8
9
8
6
9
9
8
11
6
8
6
6
10
5
7
8
10
8
8
6
9
10
10
9
10
9
12
3
11
13
6
9
7
5
4
13
10
7
3
11
11
5
7
3
10
8
10
6
8
13
6
8
7
10
3
8
5
7
8
4
11
12
7
8
6
7
8
7
4
5
12
2
10
2
7
9
8
11
9
4
8
8
9
8
15
9
6
6
9
5
6
12
11
6
6
5
9
6
8
6
7
14
11
10
13
6
9
6
9
11
11
6
6
12
7
5
8
8
6
5
3
5
7
10
5
9
9
7
5
7
1
12
8
7
4
7
7
9
5
6
15
7
8
7
9
9
5
7
10
10
9
5
2
4
6
8
5
10
7
3
3
10
5
3
8
3
6
9
4
6
3
6
7
7
7
7
11
5
2
5
7
5
11
9
6
4
11
6
9
9
8
9
9
7
2
8
5
7
11
6
7
8
7
8
7
5
9
11
8
12
8
6
9
7
8
5
3
6
7
8
9
6
4
6
9
3
11
4
4
8
2
4
8
7
6
3
8
4
5
6
9
3
5
6
7
14
3
11
6
5
9
8
9
9
11
6
5
9
7
6
2
8
7
4
5
10
7
6
7
6
8
8
6
6
2
9
7
6
6
5
6
6
7
6
8
10
9
12
10
5
7
7
7
10
8
7
8
10
8
11
2
8
4
4
10
5
6
4
12
10
4
2
7
8
4
4
4
8
7
9
6
4
6
6
2
7
8
6
4
5
3
4
11
8
9
5
7
8
9
5
8
5
9
8
7
11
11
4
12
7
6
5
5
8
7
8
7
8
9
4
3
6
6
2
8
4
5
5
5
10
6
4
4
8
6
6
4
12
5
9
7
6
7
5
12
2
4
7
11
6
7
3
9
8
10
4
10
6
6
9
5
4
10
8
9
3
4
10
3
5
3
6
7
6
5
4
8
4
6
11
2
2
10
5
5
7
3
7
9
7
5
5
2
3
7
6
10
3
7
10
9
3
7
6
7
5
12
9
9
5
4
4
9
6
8
3
8
2
8
7
6
7
7
8
5
3
5
9
6
7
6
8
8
13
4
7
7
8
9
5
6
6
10
3
9
7
8
4
4
7
5
3
8
4
8
6
6
6
3
9
11
8
7
3
7
10
3
5
7
8
6
3
6
6
6
6
0
5
2
11
9
7
6
4
9
6
6
5
6
3
7
7
5
5
7
4
6
8
4
8
5
4
9
1
3
5
4
6
6
6
9
4
3
8
6
9
8
3
5
5
8
6
5
4
5
5
5
7
6
3
7
9
4
5
4
4
6
3
5
7
6
7
6
7
7
3
6
4
8
5
3
5
7
5
11
5
3
5
7
7
4
8
5
9
4
5
5
7
9
4
2
6
6
2
5
10
7
6
4
4
6
8
6
5
5
4
8
7
5
5
5
8
2
7
8
7
5
8
5
6
9
5
5
3
9
2
6
9
8
8
6
8
5
11
5
2
7
4
4
4
4
8
6
5
4
5
7
5
6
6
9
6
3
5
5
3
7
4
2
7
9
3
0
8
4
8
5
7
6
2
4
3
7
8
2
4
9
5
1
5
4
8
7
7
6
2
5
5
6
9
4
4
5
3
6
5
7
7
8
3
8
8
3
9
5
2
3
7
7
1
4
6
5
5
6
8
5
7
6
7
9
5
2
4
6
2
6
6
6
5
6
3
6
5
5
8
7
5
3
5
7
5
5
7
6
7
11
4
2
6
4
9
2
4
3
8
5
5
3
5
4
7
8
1
7
4
7
8
5
4
7
11
14
5
4
7
5
10
8
2
5
4
7
8
7
5
3
7
4
3
9
6
5
7
2
8
7
4
3
4
5
10
4
7
9
2
11
7
4
4
7
7
12
5
4
6
9
9
5
6
4
4
6
8
6
3
7
4
12
7
7
9
6
3
5
4
4
3
10
5
5
3
7
2
11
9
7
8
11
7
5
12
5
6
5
8
6
5
10
7
6
8
5
11
7
13
8
6
10
11
8
10
9
9
10
8
5
8
7
10
12
10
10
6
9
13
7
7
13
9
8
12
8
12
14
10
5
15
18
10
18
17
17
9
12
22
15
22
13
15
22
15
20
20
21
23
20
26
19
20
19
11
24
26
28
31
23
22
20
25
38
36
31
25
31
28
30
27
36
36
37
32
35
25
35
36
34
31
25
41
32
38
44
43
44
38
45
38
50
39
42
35
36
40
40
42
45
40
50
41
38
37
41
44
52
53
40
50
54
36
54
50
39
47
49
51
47
52
53
51
56
45
50
52
49
50
55
54
43
46
44
46
61
49
48
47
55
58
59
56
44
58
53
44
40
49
54
45
42
54
46
40
38
40
43
36
42
38
37
37
45
54
52
36
39
39
45
51
45
34
38
40
29
38
27
18
37
34
40
31
35
24
27
39
20
36
28
28
19
30
36
29
27
18
29
21
24
22
27
15
18
22
25
15
25
18
17
25
21
24
23
24
23
25
13
21
28
18
16
16
16
15
20
11
14
19
14
10
15
8
10
18
13
13
16
13
19
14
18
15
11
11
12
14
9
11
7
11
9
13
12
11
7
1
12
14
15
11
16
17
11
11
8
5
5
7
3
7
9
14
4
8
4
6
12
7
5
9
10
5
11
14
7
10
5
6
12
9
10
9
7
5
4
12
6
12
7
6
6
12
8
5
8
8
9
16
6
13
12
14
14
10
7
8
8
10
10
14
11
12
12
11
9
6
13
7
7
13
4
14
6
9
8
16
8
7
14
14
14
8
8
7
14
12
6
11
9
9
13
11
13
13
12
7
13
10
9
18
16
12
7
21
9
12
17
15
7
13
11
18
10
4
14
13
12
11
11
14
13
13
10
15
7
11
3
11
11
11
12
9
8
21
12
12
12
10
7
10
17
17
9
8
6
8
11
8
11
6
8
13
15
9
13
9
13
9
7
9
10
13
13
11
9
11
8
7
12
11
11
10
6
11
14
5
9
14
5
15
8
6
9
13
12
7
13
9
7
11
12
9
4
7
13
12
4
9
11
11
6
6
10
4
5
2
9
4
12
5
9
9
5
8
2
3
8
6
7
5
9
12
4
2
8
3
9
8
6
5
8
11
6
8
3
2
9
1
6
11
4
2
9
6
8
5
5
7
10
6
4
6
3
1
7
13
4
3
5
4
8
6
5
4
6
6
8
4
3
7
4
6
3
2
3
2
6
4
3
1
6
4
6
7
3
9
4
3
4
7
6
2
2
3
6
8
7
6
4
3
3
4
6
4
4
3
3
5
3
11
8
6
1
4
9
3
3
2
5
4
6
7
3
3
4
6
8
7
3
4
2
5
3
3
3
7
4
6
5
4
3
7
6
1
1
7
10
2
7
2
5
2
9
6
4
8
5
6
3
6
2
2
3
2
5
1
8
9
6
7
4
4
5
3
5
3
1
8
1
5
4
3
2
3
1
3
5
6
2
5
7
6
5
1
3
4
6
7
2
4
4
5
5
7
7
7
4
6
4
3
2
6
2
7
3
3
3
2
6
8
5
2
3
2
6
2
3
6
3
6
3
5
3
7
3
4
6
7
3
3
1
0
3
3
4
3
4
4
6
6
4
4
4
7
3
4
9
5
5
3
8
5
1
1
4
5
3
5
5
6
5
7
7
4
10
7
3
1
2
3
3
3
5
1
6
3
2
4
5
4
6
6
4
0
3
5
7
3
2
7
6
3
1
6
5
4
4
1
4
1
4
4
4
5
8
10
3
7
4
6
4
5
1
3
5
2
5
6
6
5
5
3
4
7
1
2
3
4
5
4
4
5
1
3
3
2
3
4
7
2
4
2
3
1
5
4
6
2
4
5
2
3
7
6
4
2
1
0
3
1
7
1
3
1
3
2
2
3
8
4
5
4
4
3
2
3
2
7
4
6
5
3
1
4
9
6
0
4
1
9
5
3
5
1
1
1
3
3
4
3
3
1
5
5
3
1
3
1
3
1
5
5
4
5
3
2
4
5
4
2
8
5
3
5
2
2
3
6
1
3
7
2
3
1
3
2
3
1
4
1
4
6
3
2
0
8
3
6
3
4
4
7
1
11
6
2
1
1
2
6
6
1
2
6
3
5
1
2
6
2
4
3
1
2
7
6
2
3
5
3
3
4
2
3
2
2
0
3
1
2
4
4
4
4
1
1
2
3
1
2
2
3
4
1
2
0
2
2
4
1
4
4
1
4
3
5
2
1
1
0
4
1
3
2
3
3
7
3
6
4
2
1
2
3
4
3
2
3
0
2
1
4
2
4
3
2
0
4
2
0
1
3
1
3
0
3
2
2
3
1
3
2
2
1
0
1
3
1
3
4
1
2
0
1
1
2
4
3
0
2
0
1
2
2
0
3
4
1
2
3
2
1
2
2
2
5
2
0
4
3
1
1
2
2
1
2
4
1
2
3
2
0
2
0
0
0
2
1
1
1
0
0
0
2
0
0
1
0
3
2
2
2
2
1
0
1
0
0
1
1
1
1
0
1
1
0
2
3
0
0
1
2
4
1
0
2
2
1
3
0
5
2
1
1
2
0
2
4
1
1
1
0
0
1
0
2
0
1
0
1
0
1
2
0
1
1
3
0
1
1
0
1
0
1
1
2
0
0
1
1
0
1
2
2
0
2
2
0
1
2
0
0
1
1
1
3
1
2
0
1
1
0
1
1
0
1
0
3
0
2
0
2
0
1
1
0
2
0
1
2
0
3
0
1
0
1
0
1
1
1
0
0
0
1
1
1
0
3
1
1
0
0
1
1
2
2
1
0
0
0
0
0
3
0
4
0
1
2
2
0
2
0
1
1
0
2
1
1
1
0
2
1
3
2
0
0
1
2
0
0
1
0
1
0
0
2
1
1
0
1
0
2
0
1
1
2
0
0
1
2
1
1
0
2
1
0
2
0
3
1
2
0
1
1
1
0
2
3
1
0
0
0
0
0
2
0
1
0
0
0
0
1
1
1
1
0
1
0
2
0
0
2
1
1
0
1
0
1
0
3
0
1
0
0
0
2
1
1
1
1
1
0
0
1
0
2
1
1
1
0
0
1
2
0
0
2
0
1
1
0
1
1
1
0
1
0
0
2
0
1
0
0
0
1
1
0
0
1
0
1
0
0
0
0
0
1
0
0
0
3
0
1
0
0
0
0
0
0
0
0
0
0
1
0
1
3
0
1
0
0
0
0
2
0
0
1
0
0
1
0
0
0
0
1
0
0
0
0
0
2
0
1
0
0
0
0
0
0
0
1
0
0
1
0
1
0
0
1
0
0
0
0
0
0
0
0
2
1
0
0
0
1
1
0
0
0
0
0
0
0
1
0
0
0
0
0
0
0
0
1
0
0
1
1
1
0
1
2
0
0
1
0
2
0
0
0
0
0
2
0
0
0
0
0
0
0
0
0
1
0
1
0
0
1
0
0
0
0
0
0
0
1
0
3
0
0
1
0
0
0
0
0
1
1
0
1
0
1
0
0
0
0
0
0
0
0
0
0
0
1
3
1
0
0
1
1
1
0
0
1
0
0
0
0
0
0
1
1
0
0
1
0
2
0
1
0
0
1
0
0
0
0
0
1
1
0
0
0
1
1
1
0
1
2
1
0
0
0
0
1
0
0
0
0
2
0
0
0
0
0
1
0
1
0
0
0
0
0
0
2
0
2
0
1
0
0
0
0
0
0
2
1
0
0
0
0
1
0
0
0
0
0
0
0
1
0
1
0
0
0
0
0
1
0
0
0
2
0
0
0
1
1
0
0
0
0
0
1
0
0
0
0
0
1
0
0
0
1
1
1
1
0
0
0
0
2
0
0
0
1
1
0
1
0
