2182
0
0
0
0
0
0
0
0
0
0
2
1
2
4
9
11
18
25
16
15
25
30
34
25
29
42
22
27
37
29
36
42
39
39
45
44
41
34
49
62
51
31
45
47
66
50
55
38
49
24
56
47
62
51
44
68
56
42
45
51
57
44
57
57
54
47
56
42
60
56
72
26
72
73
65
34
66
81
30
65
78
20
83
36
67
33
72
39
63
30
80
52
86
42
88
43
74
34
87
27
46
70
56
31
102
49
82
30
49
82
29
72
71
22
54
17
73
61
40
79
47
58
29
88
36
72
27
82
44
70
25
90
48
52
51
58
35
74
34
32
99
57
73
61
25
76
46
103
41
36
81
21
66
75
46
48
90
38
48
74
49
34
107
21
40
61
82
54
31
106
35
36
55
68
59
60
8
138
53
74
34
103
66
67
16
127
46
34
70
66
41
79
62
9
135
45
47
62
88
33
61
64
43
149
14
46
56
61
21
83
81
52
68
22
144
24
64
58
71
43
78
42
57
52
75
32
127
25
47
74
85
42
36
73
55
93
54
59
32
139
6
51
40
63
71
53
37
74
70
86
24
78
48
46
3
162
36
71
49
61
84
49
36
62
71
25
101
69
52
59
43
1
178
36
48
58
61
43
75
54
52
88
37
64
90
42
64
43
71
50
14
156
15
41
34
70
79
41
76
32
62
25
90
30
52
33
91
47
73
51
71
63
29
2
192
28
52
42
37
55
75
38
86
33
65
34
97
32
45
86
25
86
58
77
56
46
51
47
28
3
179
9
37
50
47
34
64
65
46
38
75
40
87
47
23
128
44
36
56
55
69
52
19
93
64
51
49
50
46
21
1
190
5
26
44
41
31
68
79
32
81
49
19
76
47
72
43
57
12
124
29
54
92
38
31
75
28
51
72
34
74
59
53
48
58
27
29
2
205
4
17
28
52
43
44
62
71
31
20
94
49
44
72
16
63
63
53
25
36
11
122
28
35
48
68
51
34
78
4
36
52
59
13
39
61
65
18
83
22
51
21
14
12
1
228
6
27
35
32
34
39
45
78
28
65
37
16
58
29
60
26
71
20
52
18
65
53
30
35
20
111
2
21
36
61
24
56
19
40
22
83
23
35
37
42
59
32
44
52
27
62
17
61
78
27
23
29
24
11
3
0
247
3
18
23
35
31
26
26
46
56
68
20
10
59
37
35
52
14
57
31
24
9
69
13
20
48
63
8
67
13
55
20
19
2
125
13
26
18
48
47
32
50
29
55
27
19
78
14
25
33
53
29
55
4
33
45
49
8
22
44
14
44
48
1
53
21
27
27
20
19
12
0
0
205
0
3
16
20
21
26
38
31
29
54
13
59
24
40
30
16
43
20
28
23
63
10
40
12
45
29
32
6
75
9
19
21
52
25
48
12
25
49
53
32
27
22
6
0
111
4
21
33
28
36
13
53
20
5
49
32
37
31
30
8
84
1
15
15
32
45
38
18
3
59
21
24
45
22
36
11
30
15
30
23
41
18
51
13
46
41
19
25
43
23
19
27
8
5
0
1
272
0
0
2
4
9
13
31
18
20
27
30
42
38
16
53
11
35
20
11
33
19
39
2
63
25
59
18
12
6
73
11
12
32
46
11
31
25
20
6
66
2
11
28
20
12
26
35
4
45
9
25
7
31
18
42
28
14
20
4
3
0
115
0
3
10
9
23
28
2
55
22
29
6
27
7
51
9
27
6
34
29
13
16
8
0
72
4
3
31
45
7
24
4
39
13
13
0
66
11
6
20
30
21
9
63
5
15
36
12
29
2
36
5
28
21
4
33
12
22
9
43
21
25
28
26
19
24
15
13
5
4
0
1
2
0
1
217
0
1
0
2
3
9
7
18
21
16
18
19
22
36
37
42
6
29
14
2
32
15
4
30
2
24
5
35
5
12
33
17
4
52
4
25
2
26
40
13
9
0
51
0
12
17
23
5
24
4
15
24
29
9
11
9
1
80
1
5
18
10
24
26
6
17
6
34
9
2
38
2
14
31
8
0
23
24
4
20
6
29
23
27
13
8
6
3
0
0
94
0
0
4
8
10
14
29
33
24
8
22
2
19
33
1
6
25
14
1
32
0
6
4
25
0
24
9
26
1
32
6
8
1
0
63
2
4
6
15
21
1
20
13
8
29
0
14
26
3
24
8
0
43
0
2
7
14
35
1
16
24
9
5
1
33
1
9
13
18
17
5
0
44
1
12
26
3
26
2
25
4
20
0
25
2
9
10
3
13
6
20
6
20
21
1
26
20
18
22
13
13
8
8
4
2
2
1
0
0
1
0
0
0
176
0
0
1
2
0
1
3
4
4
3
13
18
8
12
14
20
22
23
3
24
17
5
15
11
0
13
12
3
12
2
20
0
14
3
14
6
19
0
9
20
1
13
5
21
1
5
16
13
3
16
7
0
30
0
2
7
31
6
1
23
8
16
3
21
6
2
0
52
0
2
2
7
15
15
1
14
2
23
0
2
16
0
8
5
9
14
8
6
9
2
2
0
48
0
1
4
4
8
15
16
5
7
9
1
18
0
11
17
2
16
4
0
30
1
1
2
20
0
14
5
7
23
1
5
16
5
0
18
7
1
4
4
12
0
13
13
10
9
5
6
2
0
3
0
1
57
3
0
2
0
2
1
10
3
16
15
12
1
10
4
9
0
13
2
7
5
17
3
3
16
0
3
13
1
2
14
10
1
0
19
0
2
5
9
1
8
6
1
21
1
1
12
4
4
5
9
12
12
6
6
0
2
0
36
0
1
0
1
4
6
9
8
0
3
5
1
16
6
12
6
1
19
0
6
14
2
2
5
8
1
13
14
3
1
0
19
1
0
4
6
2
13
6
1
6
0
11
4
8
8
8
3
8
0
2
22
0
4
14
1
12
1
11
2
10
5
3
0
12
1
0
3
14
5
2
6
4
1
7
2
6
0
6
7
3
14
0
2
10
2
2
18
1
8
10
0
13
0
13
1
12
8
2
4
4
0
6
4
6
3
2
1
4
5
9
10
12
8
0
14
6
3
4
7
7
4
6
0
1
2
1
0
0
1
1
3
0
0
0
0
80
0
0
1
2
1
3
2
0
0
1
0
2
1
2
1
6
6
3
8
10
6
14
3
8
1
9
3
1
2
3
3
6
4
2
2
8
3
0
8
3
7
0
8
0
9
2
14
0
9
4
0
14
1
3
1
1
3
2
9
0
0
8
6
0
11
4
4
8
2
0
6
13
0
3
2
5
7
4
1
14
3
0
4
10
2
3
3
9
1
3
3
3
2
3
1
0
18
1
0
2
3
6
5
4
3
1
5
1
3
1
1
7
1
8
2
6
2
5
6
2
1
0
1
14
2
3
3
1
8
9
3
2
2
5
1
4
0
2
6
6
0
3
1
3
0
6
11
5
5
1
1
9
6
3
1
6
3
0
2
3
0
11
5
5
2
4
1
3
0
1
16
3
1
1
4
3
3
2
6
5
4
4
3
0
1
8
1
6
2
1
3
4
0
0
6
3
4
7
2
0
7
0
1
2
4
4
1
2
0
8
1
2
0
3
5
1
1
2
2
6
3
3
3
4
2
1
5
0
0
2
3
4
3
0
8
3
4
1
1
3
3
4
1
4
4
2
1
4
1
3
2
3
4
2
4
1
5
4
5
4
8
5
2
3
1
2
1
0
1
3
0
0
18
0
1
2
4
1
2
5
3
3
1
3
4
2
5
4
4
4
0
1
2
5
2
2
5
2
7
1
5
1
3
2
4
0
0
3
1
5
1
2
5
3
3
3
4
4
1
1
6
0
0
4
3
1
2
3
1
4
1
2
2
3
4
5
1
2
1
1
11
1
1
2
2
2
1
2
0
5
1
4
1
2
5
4
4
2
5
0
1
0
3
1
1
1
8
2
4
6
1
0
1
0
2
1
2
1
2
3
5
3
3
3
1
2
3
1
0
14
1
1
4
5
5
4
4
3
5
2
1
3
5
4
3
5
4
2
3
2
4
1
4
0
5
1
1
5
4
3
1
4
4
3
1
2
8
1
1
1
7
1
3
3
3
2
3
5
1
5
2
4
2
4
2
1
2
2
1
0
1
2
2
1
13
2
2
2
2
0
5
3
4
3
3
2
3
1
4
2
1
1
2
3
2
1
1
5
1
2
3
3
5
3
2
2
1
2
3
3
2
4
0
2
5
10
0
4
3
4
2
1
1
4
1
3
7
1
1
2
5
2
1
4
4
5
1
1
4
3
1
4
3
3
3
1
4
2
1
5
2
0
6
3
1
1
3
7
4
2
2
1
2
2
5
6
2
1
5
3
2
3
1
5
2
6
3
3
5
1
5
4
5
4
3
1
2
4
4
1
3
4
0
4
6
2
4
3
1
2
5
6
5
1
5
5
2
4
0
3
2
2
7
4
1
4
5
3
1
3
2
6
5
3
1
2
4
4
2
3
4
5
2
1
3
2
1
2
3
3
3
2
3
3
2
6
0
2
4
4
3
4
3
5
6
3
2
2
7
2
5
3
3
4
3
4
3
5
4
2
1
3
5
3
2
3
3
6
6
6
5
5
5
6
6
0
4
4
2
3
2
0
4
4
8
3
2
2
3
2
1
0
23
0
3
0
1
2
2
5
2
7
3
7
0
9
6
6
1
3
3
3
8
5
5
4
4
4
7
7
1
7
2
6
4
5
3
6
2
1
4
5
5
5
5
4
4
9
1
4
7
4
5
3
5
3
5
1
3
7
2
8
2
7
4
1
9
4
4
8
3
3
4
5
5
3
4
7
3
9
0
6
9
7
5
1
5
3
4
5
1
9
4
8
2
3
2
7
7
6
11
5
4
8
8
2
3
7
6
6
4
4
2
5
9
6
4
3
2
1
5
7
4
3
6
2
6
3
4
5
7
7
5
10
8
6
9
5
9
6
1
8
8
8
5
6
8
2
8
8
3
5
4
6
9
4
11
5
11
11
9
6
8
9
7
8
6
5
8
4
8
5
6
9
7
12
7
7
8
5
5
9
6
13
3
3
3
7
11
4
6
8
7
7
8
5
7
5
3
5
11
8
11
13
8
9
7
7
8
10
7
9
8
7
11
7
7
5
9
9
7
6
11
10
6
5
8
11
4
8
7
9
3
6
6
6
11
12
7
6
9
6
9
3
11
17
11
7
6
8
13
5
5
10
8
9
14
10
14
12
11
17
12
11
8
6
9
11
11
8
12
8
7
10
13
7
14
9
14
5
8
16
10
16
10
13
23
12
11
15
8
11
14
14
14
9
12
12
16
4
16
11
5
8
11
9
13
17
17
13
20
10
16
9
12
14
13
16
17
10
8
17
10
16
19
20
18
14
15
14
16
10
16
9
14
20
19
20
18
20
15
16
19
20
20
21
16
21
14
19
24
17
15
16
19
19
21
23
21
14
27
17
21
18
24
18
14
17
22
14
21
26
10
23
32
22
21
30
21
22
21
29
27
23
22
24
27
26
25
22
29
20
25
15
26
26
30
31
27
29
29
36
25
28
27
27
26
26
29
28
36
32
21
25
22
17
27
26
29
23
35
30
27
40
28
37
28
24
35
34
33
23
28
26
31
40
41
44
35
32
32
42
40
29
39
38
34
36
30
42
47
40
58
35
32
45
33
31
36
38
63
47
45
49
36
46
51
52
46
48
57
43
54
53
58
60
47
54
52
41
47
47
56
54
51
49
37
57
65
46
58
62
51
53
48
61
54
54
64
66
66
53
61
56
65
84
66
59
58
61
57
67
57
35
88
54
71
74
70
74
70
78
77
69
69
84
88
84
66
74
75
80
93
77
98
77
73
99
86
87
98
80
86
95
82
92
96
84
99
74
103
89
77
102
94
78
100
106
101
99
83
104
97
100
109
101
106
109
108
119
110
118
111
105
119
111
119
117
116
125
127
134
129
119
105
126
128
143
112
129
129
134
133
129
155
139
149
163
154
154
147
147
158
151
151
168
150
159
162
152
155
177
170
152
162
162
168
187
159
173
206
158
172
195
175
182
181
180
175
190
200
201
185
201
202
180
186
189
207
192
200
195
219
217
208
187
233
197
236
238
221
248
250
238
239
247
276
214
239
260
226
275
267
269
275
265
260
264
277
250
277
307
282
284
291
275
275
312
309
284
317
282
315
319
359
257
294
285
361
348
358
339
352
344
361
326
332
375
321
372
365
389
317
386
395
363
370
401
435
385
444
400
414
397
431
468
420
429
442
429
472
443
494
469
467
473
485
495
447
511
475
488
509
478
484
470
498
539
541
522
533
543
511
513
570
514
546
537
548
520
566
530
570
557
572
594
576
606
598
579
537
648
522
592
567
576
610
619
569
519
603
574
601
585
609
608
573
580
579
582
557
598
599
567
608
619
617
568
602
569
576
564
543
571
531
578
553
569
556
537
508
553
531
537
510
540
499
503
507
539
488
487
529
519
521
468
524
478
462
467
501
458
456
449
408
455
446
463
444
450
438
393
414
419
418
414
411
386
424
424
376
410
366
371
388
389
351
374
382
348
398
354
352
399
371
380
342
331
357
343
339
355
312
330
334
308
319
339
312
330
349
299
280
354
284
304
306
298
299
273
290
305
288
274
274
292
264
325
276
270
263
275
263
252
255
229
237
220
233
253
256
243
246
239
233
198
217
231
213
209
209
224
201
220
206
217
215
184
213
178
165
199
193
172
193
181
183
199
179
178
202
188
201
155
170
156
170
160
136
161
152
172
144
144
130
155
175
138
153
163
151
145
145
139
139
125
138
121
126
150
140
128
127
120
135
119
93
110
128
125
103
141
118
112
136
120
118
103
92
97
97
108
119
90
99
96
92
100
97
75
105
80
87
100
88
78
93
97
76
81
77
86
98
89
76
76
92
72
71
87
71
68
88
88
57
87
86
58
69
65
57
90
76
75
69
35
105
82
68
68
62
74
80
66
75
58
52
61
67
66
75
73
55
70
55
74
68
67
59
62
60
56
56
63
68
51
52
63
63
51
68
64
62
66
63
61
70
54
66
67
67
67
67
60
62
55
75
63
48
57
54
66
69
71
66
54
48
52
58
57
68
62
60
71
77
67
70
57
67
70
69
68
67
70
53
66
60
64
60
75
67
55
65
61
70
84
76
79
73
67
66
77
67
66
80
62
71
95
70
76
83
61
70
65
68
74
72
73
78
75
82
79
92
99
79
73
71
80
84
97
73
73
72
86
80
74
93
76
90
85
88
94
100
109
92
92
77
107
98
98
95
109
95
95
111
91
94
85
105
107
108
109
112
100
117
97
111
98
122
124
93
120
113
136
128
117
109
124
132
106
118
111
130
129
145
124
111
139
137
111
125
156
138
116
147
119
148
152
130
151
124
137
147
150
150
141
150
151
145
172
142
135
146
129
137
140
131
155
149
157
155
144
132
149
131
144
137
150
142
130
154
160
158
141
117
121
139
124
126
153
109
143
148
112
119
114
118
112
95
100
105
95
97
100
110
93
104
93
88
88
69
58
85
81
91
91
74
73
69
75
72
59
47
62
57
65
66
44
51
52
48
59
59
53
53
57
36
40
46
38
45
40
39
38
43
27
40
22
30
28
25
30
20
26
33
28
29
27
23
30
25
28
30
33
24
13
24
30
19
25
25
22
19
18
18
25
20
15
22
19
22
23
9
11
19
15
16
17
13
14
13
13
14
20
18
9
11
6
11
10
17
18
12
13
10
12
7
10
12
12
6
13
8
8
6
10
6
10
13
9
10
11
5
9
12
7
6
7
5
5
5
8
7
5
1
6
5
6
2
1
7
3
3
5
2
3
3
3
3
3
6
6
8
2
5
5
6
1
3
5
1
5
7
4
3
3
1
2
4
1
2
1
4
1
0
3
2
3
1
1
2
3
0
3
0
1
3
2
1
2
0
3
3
2
1
2
1
4
1
0
2
1
3
0
1
2
0
2
1
0
4
0
1
0
0
2
1
0
0
1
0
1
0
0
0
1
0
0
0
0
0
0
1
1
0
0
1
1
0
1
1
0
0
0
0
1
0
0
1
1
1
0
0
0
2
1
1
1
1
2
0
0
2
0
0
0
0
0
1
0
0
0
1
0
0
0
1
0
1
0
1
0
1
0
0
1
0
0
2
0
1
0
1
0
0
0
0
1
0
0
0
0
0
0
0
0
1
1
0
0
1
0
0
0
0
0
0
0
0
0
0
0
0
0
1
0
0
0
0
0
1
0
0
1
0
0
0
0
0
2
0
1
1
0
0
0
0
0
0
0
0
1
0
0
0
0
0
2
1
0
0
0
0
0
0
1
0
0
0
1
0
0
0
0
0
0
0
2
1
1
0
0
0
0
0
0
0
0
0
0
0
0
0
0
1
0
1
0
1
0
0
0
1
0
0
0
0
1
0
1
0
0
0
0
0
0
0
0
0
0
0
0
1
0
0
0
0
0
0
1
0
1
0
0
1
1
1
0
0
0
0
0
0
0
0
1
1
0
0
0
0
0
0
0
0
0
0
0
0
0
0
0
0
0
0
0
0
0
0
0
0
0
0
1
0
1
0
0
0
0
0
0
0
0
0
0
0
0
0
0
2
0
0
0
0
0
0
0
0
1
0
0
0
0
0
0
0
0
0
0
0
0
0
0
0
0
0
0
0
0
1
0
0
0
0
0
1
0
0
0
1
0
0
0
0
0
1
0
0
0
0
0
0
0
0
0
0
0
0
0
0
0
0
0
0
1
0
0
0
0
0
0
0
0
0
0
0
0
1
0
0
0
0
0
0
0
0
0
0
0
1
0
0
0
0
0
0
0
0
0
0
0
0
0
0
0
0
0
0
0
0
0
0
0
0
0
0
0
0
0
0
0
0
0
0
0
0
0
0
0
0
0
0
0
0
0
0
0
0
0
0
0
0
0
0
0
0
0
0
0
0
0
0
0
0
0
0
0
0
0
0
0
0
0
0
0
0
0
0
0
0
0
1
0
0
0
0
0
0
0
0
0
1
0
0
0
0
0
0
0
0
0
0
0
0
0
0
0
0
0
0
0
0
1
0
0
0
0
0
0
0
0
0
0
0
0
0
0
0
0
0
0
0
0
0
0
0
0
0
0
0
0
0
0
1
0
0
0
0
0
0
0
0
0
0
0
0
0
0
0
0
0
0
0
0
0
0
1
0
0
0
0
0
0
0
0
0
0
0
0
0
0
0
0
0
0
0
0
0
0
0
0
0
0
0
0
0
0
0
0
